0.05	0.40226341
0.06	0.420102167
0.07	0.458194088
0.08	0.475295376
0.09	0.515488048
0.1	0.587303703
0.11	0.633509546
0.12	0.703946995
0.13	0.746259823
0.14	0.740107817
0.15	0.766741432
0.16	0.77568585
0.17	0.791133498
0.18	0.831360294
0.19	0.833619495
0.2	0.842569733
0.21	0.851672957
0.22	0.868196147
0.23	0.870865879
0.24	0.861504038
0.25	0.870303381
0.26	0.883871635
0.27	0.866646445
0.28	0.858217119
0.29	0.847451328
0.3	0.851222161
0.31	0.849572506
0.32	0.847049262
0.33	0.848515893
0.34	0.850429424
0.35	0.847398297
0.36	0.841192295
0.37	0.835890179
0.38	0.830878152
0.39	0.828207581
0.4	0.832924056
0.41	0.833036597
0.42	0.834589376
0.43	0.838332832
0.44	0.846705367
0.45	0.854534874
0.46	0.853426113
0.47	0.848788703
0.48	0.836629595
0.49	0.827982506
0.5	0.823560734
0.51	0.81167448
0.52	0.793986175
0.53	0.78046523
0.54	0.765054311
0.55	0.74983445
0.56	0.733438106
0.57	0.713655521
0.58	0.693825012
0.59	0.677890322
0.6	0.66585823
0.61	0.659736836
0.62	0.654079263
0.63	0.649851532
0.64	0.647933213
0.65	0.644490561
0.66	0.639433687
0.67	0.63366121
0.68	0.625150223
0.69	0.612023066
0.7	0.598978503
0.71	0.586146516
0.72	0.571635881
0.73	0.556446942
0.74	0.541095216
0.75	0.527643058
0.76	0.514389454
0.77	0.50201951
0.78	0.491861862
0.79	0.484588122
0.8	0.478812273
0.81	0.474983837
0.82	0.471477745
0.83	0.467655466
0.84	0.463757707
0.85	0.45886065
0.86	0.453767741
0.87	0.447375434
0.88	0.440985797
0.89	0.433657683
0.9	0.426729816
0.91	0.420714867
0.92	0.414739241
0.93	0.408476816
0.94	0.402008848
0.95	0.395364876
0.96	0.388339361
0.97	0.382321428
0.98	0.377151281
0.99	0.373282202
1	0.369551835
1.01	0.365620919
1.02	0.361339453
1.03	0.356975903
1.04	0.353441375
1.05	0.350107222
1.06	0.347022593
1.07	0.344713579
1.08	0.342413709
1.09	0.340193058
1.1	0.338037161
1.11	0.335802899
1.12	0.334496084
1.13	0.333196375
1.14	0.332198049
1.15	0.331575845
1.16	0.330851679
1.17	0.330468756
1.18	0.32961667
1.19	0.329245508
1.2	0.328849566
1.21	0.327743425
1.22	0.325889144
1.23	0.323298903
1.24	0.320262039
1.25	0.316939095
1.26	0.313567443
1.27	0.310860988
1.28	0.308195255
1.29	0.305748589
1.3	0.303276326
1.31	0.30056064
1.32	0.298041517
1.33	0.295605851
1.34	0.29336898
1.35	0.291140693
1.36	0.288946278
1.37	0.287121788
1.38	0.285202842
1.39	0.283208337
1.4	0.281535808
1.41	0.279896975
1.42	0.27811948
1.43	0.276086972
1.44	0.273727823
1.45	0.271075305
1.46	0.268234762
1.47	0.265324159
1.48	0.262469942
1.49	0.260035864
1.5	0.257781131
1.51	0.255512625
1.52	0.253229364
1.53	0.25084227
1.54	0.248276551
1.55	0.245456785
1.56	0.242639761
1.57	0.239764587
1.58	0.236759705
1.59	0.233631541
1.6	0.230649475
1.61	0.227759114
1.62	0.224880296
1.63	0.222334815
1.64	0.219790583
1.65	0.217191797
1.66	0.214471627
1.67	0.211757048
1.68	0.209031129
1.69	0.206339828
1.7	0.203836426
1.71	0.201457523
1.72	0.199011709
1.73	0.196502182
1.74	0.193990012
1.75	0.191571358
1.76	0.189333874
1.77	0.187316246
1.78	0.185473492
1.79	0.183617921
1.8	0.18186297
1.81	0.180140454
1.82	0.178472839
1.83	0.176894018
1.84	0.175455524
1.85	0.17402923
1.86	0.172677784
1.87	0.171327997
1.88	0.169975712
1.89	0.168920783
1.9	0.167921238
1.91	0.166988906
1.92	0.166072357
1.93	0.165399355
1.94	0.16482922
1.95	0.164333817
1.96	0.163874683
1.97	0.16335759
1.98	0.162807254
1.99	0.162242361
2	0.161639243
2.01	0.161105653
2.02	0.160530342
2.03	0.159931099
2.04	0.159282264
2.05	0.158536733
2.06	0.157761398
2.07	0.156916768
2.08	0.156073886
2.09	0.155242895
2.1	0.154409993
2.11	0.153597212
2.12	0.152786921
2.13	0.152010263
2.14	0.151216082
2.15	0.150369222
2.16	0.149532032
2.17	0.148670636
2.18	0.147766909
2.19	0.146911897
2.2	0.146175276
2.21	0.145384139
2.22	0.144539266
2.23	0.143686088
2.24	0.142837406
2.25	0.142034421
2.26	0.141273886
2.27	0.140507653
2.28	0.139766453
2.29	0.139018892
2.3	0.138236627
2.31	0.137438854
2.32	0.13666648
2.33	0.135897514
2.34	0.135099769
2.35	0.134280828
2.36	0.133434781
2.37	0.132581558
2.38	0.131829965
2.39	0.13103193
2.4	0.130223247
2.41	0.129400322
2.42	0.128579773
2.43	0.12781157
2.44	0.12703871
2.45	0.126315675
2.46	0.125625014
2.47	0.124929696
2.48	0.124239697
2.49	0.123551679
2.5	0.122869877
2.51	0.122199962
2.52	0.121536896
2.53	0.12091426
2.54	0.1202785
2.55	0.119652872
2.56	0.119054342
2.57	0.118424293
2.58	0.117764026
2.59	0.117066938
2.6	0.116334832
2.61	0.115574208
2.62	0.114788078
2.63	0.114023909
2.64	0.113266454
2.65	0.112508166
2.66	0.111738138
2.67	0.110954226
2.68	0.110165879
2.69	0.109363492
2.7	0.108544168
2.71	0.107722661
2.72	0.10691513
2.73	0.106096316
2.74	0.105272555
2.75	0.104439315
2.76	0.103637028
2.77	0.102838987
2.78	0.102040214
2.79	0.101240021
2.8	0.100461007
2.81	0.099687865
2.82	0.098916214
2.83	0.098182681
2.84	0.097483174
2.85	0.096805283
2.86	0.09613526
2.87	0.095500428
2.88	0.094878088
2.89	0.094267293
2.9	0.093663822
2.91	0.09306638
2.92	0.092478514
2.93	0.091923929
2.94	0.091424757
2.95	0.090940958
2.96	0.090469579
2.97	0.090028747
2.98	0.089615416
2.99	0.089208196
3	0.088814732
3.01	0.088433419
3.02	0.088067942
3.03	0.08769686
3.04	0.08733355
3.05	0.086999547
3.06	0.086687429
3.07	0.08638332
3.08	0.08607151
3.09	0.085755258
3.1	0.085449324
3.11	0.085154055
3.12	0.084862362
3.13	0.084594948
3.14	0.084317045
3.15	0.084031498
3.16	0.083733505
3.17	0.083429713
3.18	0.083112367
3.19	0.082783895
3.2	0.082445066
3.21	0.082093411
3.22	0.081754281
3.23	0.081442616
3.24	0.081124783
3.25	0.080831509
3.26	0.080533072
3.27	0.08022124
3.28	0.079892465
3.29	0.079546442
3.3	0.07920185
3.31	0.078854512
3.32	0.078498583
3.33	0.0781333
3.34	0.077761662
3.35	0.077368901
3.36	0.076953937
3.37	0.076521595
3.38	0.076070953
3.39	0.075607987
3.4	0.075157997
3.41	0.074701255
3.42	0.074260174
3.43	0.073825822
3.44	0.073397819
3.45	0.0729706
3.46	0.072549431
3.47	0.072144449
3.48	0.071760783
3.49	0.071382665
3.5	0.071011406
3.51	0.070647689
3.52	0.070286268
3.53	0.069941432
3.54	0.06960875
3.55	0.069293819
3.56	0.069030841
3.57	0.068778724
3.58	0.068535612
3.59	0.068293413
3.6	0.06805537
3.61	0.067818542
3.62	0.067589115
3.63	0.067365722
3.64	0.067159622
3.65	0.066953096
3.66	0.066743622
3.67	0.066533666
3.68	0.066320132
3.69	0.066103709
3.7	0.065881602
3.71	0.065661363
3.72	0.065442446
3.73	0.065218825
3.74	0.064994699
3.75	0.064770556
3.76	0.064556812
3.77	0.064338371
3.78	0.064130248
3.79	0.063926149
3.8	0.063726176
3.81	0.06352193
3.82	0.063313362
3.83	0.063106816
3.84	0.062916981
3.85	0.062746969
3.86	0.062572838
3.87	0.062394611
3.88	0.062216813
3.89	0.062053876
3.9	0.061900811
3.91	0.061754786
3.92	0.061608864
3.93	0.061459555
3.94	0.061306891
3.95	0.061150496
3.96	0.060993914
3.97	0.060835945
3.98	0.060693326
3.99	0.060556473
4	0.060416412
4.01	0.060283473
4.02	0.060149768
4.03	0.060011653
4.04	0.059868649
4.05	0.059720481
4.06	0.0595702
4.07	0.05941765
4.08	0.059262833
4.09	0.05910206
4.1	0.058937794
4.11	0.058781148
4.12	0.058624553
4.13	0.058463727
4.14	0.058305369
4.15	0.058165861
4.16	0.058043494
4.17	0.057925471
4.18	0.057809836
4.19	0.057689571
4.2	0.057563967
4.21	0.057432789
4.22	0.057296317
4.23	0.057156835
4.24	0.05701967
4.25	0.056883652
4.26	0.056751918
4.27	0.056614445
4.28	0.056487235
4.29	0.056378823
4.3	0.056280116
4.31	0.056187049
4.32	0.056089718
4.33	0.05599298
4.34	0.055899961
4.35	0.055812888
4.36	0.055731284
4.37	0.055648574
4.38	0.055564011
4.39	0.055487761
4.4	0.055409328
4.41	0.055332464
4.42	0.055254718
4.43	0.055177702
4.44	0.055103606
4.45	0.055033056
4.46	0.054960594
4.47	0.054890398
4.48	0.054816156
4.49	0.054755242
4.5	0.054702946
4.51	0.054655862
4.52	0.054610141
4.53	0.054558788
4.54	0.054501131
4.55	0.054437816
4.56	0.054368853
4.57	0.05429814
4.58	0.054221872
4.59	0.054138303
4.6	0.054048434
4.61	0.053950516
4.62	0.053845907
4.63	0.053733536
4.64	0.053614433
4.65	0.053488082
4.66	0.053354497
4.67	0.053214691
4.68	0.0530674
4.69	0.052913243
4.7	0.052755912
4.71	0.052602184
4.72	0.052442713
4.73	0.052284409
4.74	0.052126998
4.75	0.051969256
4.76	0.051839811
4.77	0.051705858
4.78	0.051568232
4.79	0.051427529
4.8	0.051298301
4.81	0.051175917
4.82	0.051055416
4.83	0.050932973
4.84	0.050811509
4.85	0.050686873
4.86	0.050571792
4.87	0.050461385
4.88	0.050349275
4.89	0.05023925
4.9	0.050129915
4.91	0.050026948
4.92	0.049923473
4.93	0.049818906
4.94	0.049713703
4.95	0.049608563
4.96	0.04950302
4.97	0.049397218
4.98	0.04929222
4.99	0.049191518
5	0.04909039
5.01	0.048987915
5.02	0.048884507
5.03	0.048779897
5.04	0.048673437
5.05	0.048568119
5.06	0.048470135
5.07	0.048371671
5.08	0.048272065
5.09	0.048171329
5.1	0.048069753
5.11	0.047965605
5.12	0.047860954
5.13	0.047755888
5.14	0.047648315
5.15	0.047537518
5.16	0.047425653
5.17	0.047311289
5.18	0.047194168
5.19	0.047074455
5.2	0.046951938
5.21	0.04682545
5.22	0.046696805
5.23	0.046566404
5.24	0.046435771
5.25	0.046307398
5.26	0.04617776
5.27	0.046046432
5.28	0.0459121
5.29	0.045780772
5.3	0.045648848
5.31	0.045515566
5.32	0.045380693
5.33	0.045244004
5.34	0.045105743
5.35	0.044966161
5.36	0.044825193
5.37	0.044688293
5.38	0.044550878
5.39	0.044413966
5.4	0.044277032
5.41	0.044140016
5.42	0.044002024
5.43	0.043864043
5.44	0.043727359
5.45	0.043590356
5.46	0.043452836
5.47	0.043315006
5.48	0.043176792
5.49	0.043037769
5.5	0.042898024
5.51	0.042758179
5.52	0.04261814
5.53	0.042479469
5.54	0.042340293
5.55	0.042200614
5.56	0.042062285
5.57	0.041926347
5.58	0.041790034
5.59	0.04165298
5.6	0.041516068
5.61	0.0413801
5.62	0.041248475
5.63	0.041123136
5.64	0.041002333
5.65	0.040882936
5.66	0.040763793
5.67	0.040645056
5.68	0.040527525
5.69	0.040410768
5.7	0.040295
5.71	0.040179849
5.72	0.040073983
5.73	0.039969478
5.74	0.039865346
5.75	0.039761881
5.76	0.039658488
5.77	0.039562881
5.78	0.039470502
5.79	0.039378673
5.8	0.03928769
5.81	0.039196951
5.82	0.039106507
5.83	0.039018273
5.84	0.038930307
5.85	0.03884699
5.86	0.038767953
5.87	0.038688563
5.88	0.03861161
5.89	0.038536858
5.9	0.038464543
5.91	0.038391696
5.92	0.038317658
5.93	0.038242588
5.94	0.038166082
5.95	0.038088605
5.96	0.038011246
5.97	0.037936273
5.98	0.037859509
5.99	0.037783598
6	0.037711579
6.01	0.037637682
6.02	0.037562839
6.03	0.037486184
6.04	0.037407963
6.05	0.037329212
6.06	0.037255594
6.07	0.037181033
6.08	0.037105021
6.09	0.037027335
6.1	0.036952165
6.11	0.036878513
6.12	0.036804783
6.13	0.036734783
6.14	0.036664948
6.15	0.036596127
6.16	0.036525647
6.17	0.03645426
6.18	0.036390554
6.19	0.036331113
6.2	0.036270396
6.21	0.036208121
6.22	0.036144285
6.23	0.036078878
6.24	0.036012327
6.25	0.035944387
6.26	0.035874733
6.27	0.035804015
6.28	0.03573143
6.29	0.035657301
6.3	0.035581505
6.31	0.035504344
6.32	0.035425743
6.33	0.035346603
6.34	0.03526649
6.35	0.035185005
6.36	0.035102123
6.37	0.035018209
6.38	0.034932831
6.39	0.034846241
6.4	0.034759346
6.41	0.034673286
6.42	0.034585908
6.43	0.034497608
6.44	0.034408001
6.45	0.034316874
6.46	0.034224685
6.47	0.03413107
6.48	0.034036512
6.49	0.033941287
6.5	0.033845183
6.51	0.033747887
6.52	0.033650054
6.53	0.033550839
6.54	0.033450512
6.55	0.033348745
6.56	0.033245914
6.57	0.033141895
6.58	0.033038388
6.59	0.032935021
6.6	0.032830571
6.61	0.032725453
6.62	0.032620883
6.63	0.032518347
6.64	0.032416307
6.65	0.03231315
6.66	0.032209344
6.67	0.032104355
6.68	0.031998982
6.69	0.031895506
6.7	0.031791919
6.71	0.031687383
6.72	0.03158248
6.73	0.031476983
6.74	0.031372811
6.75	0.03127394
6.76	0.031174957
6.77	0.031075925
6.78	0.030977647
6.79	0.03087909
6.8	0.030780324
6.81	0.030681975
6.82	0.03058406
6.83	0.030486796
6.84	0.030390273
6.85	0.030306752
6.86	0.030228859
6.87	0.030154073
6.88	0.030079124
6.89	0.030004685
6.9	0.029929473
6.91	0.029854169
6.92	0.029778326
6.93	0.02970228
6.94	0.029626974
6.95	0.029551825
6.96	0.029477433
6.97	0.029402939
6.98	0.029328274
6.99	0.029253056
7	0.029177466
7.01	0.029101599
7.02	0.029025667
7.03	0.028949385
7.04	0.028872667
7.05	0.028795673
7.06	0.028719057
7.07	0.028643081
7.08	0.028567246
7.09	0.028491284
7.1	0.028415008
7.11	0.028338663
7.12	0.028269126
7.13	0.028199046
7.14	0.028128691
7.15	0.028058049
7.16	0.027986978
7.17	0.027915607
7.18	0.027844449
7.19	0.027774234
7.2	0.02770372
7.21	0.027632867
7.22	0.027561339
7.23	0.027489544
7.24	0.027417158
7.25	0.027344399
7.26	0.027271785
7.27	0.027198683
7.28	0.027125137
7.29	0.027051275
7.3	0.026978206
7.31	0.026905227
7.32	0.026831718
7.33	0.026757877
7.34	0.026684217
7.35	0.02661166
7.36	0.026538956
7.37	0.026467134
7.38	0.026395083
7.39	0.026322455
7.4	0.026249911
7.41	0.026177048
7.42	0.026105199
7.43	0.026034399
7.44	0.025963576
7.45	0.025893161
7.46	0.025822634
7.47	0.02575222
7.48	0.025681565
7.49	0.025611051
7.5	0.025541226
7.51	0.02547183
7.52	0.025402035
7.53	0.025332293
7.54	0.025262745
7.55	0.025192881
7.56	0.025122974
7.57	0.025054304
7.58	0.024986241
7.59	0.024919016
7.6	0.024858386
7.61	0.024797009
7.62	0.024735515
7.63	0.024673374
7.64	0.02461071
7.65	0.024547701
7.66	0.024484197
7.67	0.024421279
7.68	0.024358068
7.69	0.024294273
7.7	0.024230375
7.71	0.02416593
7.72	0.024101234
7.73	0.024036133
7.74	0.023970734
7.75	0.023905548
7.76	0.02384055
7.77	0.023778177
7.78	0.023716861
7.79	0.023655448
7.8	0.023595802
7.81	0.023538111
7.82	0.023480138
7.83	0.023422798
7.84	0.023366735
7.85	0.023310188
7.86	0.023253631
7.87	0.023196449
7.88	0.023139022
7.89	0.023080796
7.9	0.023022311
7.91	0.022963377
7.92	0.02290412
7.93	0.022844375
7.94	0.022784464
7.95	0.022723993
7.96	0.022664129
7.97	0.022606029
7.98	0.022553856
7.99	0.022501254
8	0.022448336
8.01	0.022395026
8.02	0.022343314
8.03	0.022292665
8.04	0.022241443
8.05	0.022190234
8.06	0.02213908
8.07	0.022088111
8.08	0.022037635
8.09	0.021987801
8.1	0.021938647
8.11	0.021889216
8.12	0.021839539
8.13	0.021791468
8.14	0.021743222
8.15	0.02169475
8.16	0.021645972
8.17	0.021596716
8.18	0.0215484
8.19	0.021500719
8.2	0.021452784
8.21	0.021404296
8.22	0.021355814
8.23	0.021307394
8.24	0.021258389
8.25	0.021209001
8.26	0.021159258
8.27	0.021109018
8.28	0.021058261
8.29	0.021007151
8.3	0.020955343
8.31	0.020902996
8.32	0.02085067
8.33	0.020798354
8.34	0.020745637
8.35	0.020692551
8.36	0.020638954
8.37	0.020585364
8.38	0.020531318
8.39	0.020476958
8.4	0.020422333
8.41	0.020367392
8.42	0.020312872
8.43	0.020258429
8.44	0.020203716
8.45	0.020148974
8.46	0.020093975
8.47	0.020038499
8.48	0.019982666
8.49	0.019926547
8.5	0.019870239
8.51	0.019814635
8.52	0.019758735
8.53	0.019702908
8.54	0.019647638
8.55	0.019592399
8.56	0.019538327
8.57	0.019484312
8.58	0.019433052
8.59	0.019382747
8.6	0.019332285
8.61	0.019282195
8.62	0.019232311
8.63	0.019182805
8.64	0.019133125
8.65	0.019083116
8.66	0.019032804
8.67	0.018982303
8.68	0.018931325
8.69	0.018880161
8.7	0.018829037
8.71	0.018778398
8.72	0.018727724
8.73	0.018679039
8.74	0.018632351
8.75	0.018585514
8.76	0.018538413
8.77	0.018491244
8.78	0.018443922
8.79	0.018396313
8.8	0.018348546
8.81	0.018300487
8.82	0.018252281
8.83	0.018205278
8.84	0.018158043
8.85	0.018110536
8.86	0.018062768
8.87	0.018014785
8.88	0.017966486
8.89	0.017917973
8.9	0.017869203
8.91	0.017820191
8.92	0.017770898
8.93	0.017721471
8.94	0.017671761
8.95	0.017621775
8.96	0.017571622
8.97	0.017521843
8.98	0.017472714
8.99	0.017423282
9	0.01737376
9.01	0.017324092
9.02	0.017274397
9.03	0.017224398
9.04	0.017175012
9.05	0.017125449
9.06	0.017076011
9.07	0.017026529
9.08	0.016977128
9.09	0.016928145
9.1	0.016878999
9.11	0.016829814
9.12	0.016780587
9.13	0.016731277
9.14	0.016682206
9.15	0.016632933
9.16	0.016583588
9.17	0.016534435
9.18	0.016485125
9.19	0.016435753
9.2	0.01638636
9.21	0.016336924
9.22	0.016287695
9.23	0.016241716
9.24	0.016195867
9.25	0.016150114
9.26	0.016104722
9.27	0.016059996
9.28	0.016015246
9.29	0.015970427
9.3	0.015925582
9.31	0.015880749
9.32	0.01583592
9.33	0.015791064
9.34	0.015746086
9.35	0.015701463
9.36	0.015656988
9.37	0.015613861
9.38	0.015570832
9.39	0.01552788
9.4	0.015485065
9.41	0.015443173
9.42	0.015402423
9.43	0.015361586
9.44	0.015320719
9.45	0.015279726
9.46	0.015239103
9.47	0.015199233
9.48	0.015159486
9.49	0.015119976
9.5	0.01508038
9.51	0.015040781
9.52	0.015001651
9.53	0.014962378
9.54	0.014923077
9.55	0.014883982
9.56	0.014844884
9.57	0.014805694
9.58	0.014766395
9.59	0.014727128
9.6	0.014687716
9.61	0.014648436
9.62	0.014608971
9.63	0.0145694
9.64	0.014529809
9.65	0.014490164
9.66	0.014450415
9.67	0.014410605
9.68	0.014371345
9.69	0.014332188
9.7	0.014292987
9.71	0.014253576
9.72	0.014214336
9.73	0.014174979
9.74	0.014135592
9.75	0.01409612
9.76	0.014056647
9.77	0.014017212
9.78	0.013977786
9.79	0.013938298
9.8	0.013898758
9.81	0.013859383
9.82	0.013819957
9.83	0.013780463
9.84	0.013741053
9.85	0.013702176
9.86	0.013663356
9.87	0.013624558
9.88	0.013585914
9.89	0.013547187
9.9	0.013508524
9.91	0.01346997
9.92	0.013431269
9.93	0.013392677
9.94	0.013354562
9.95	0.013316617
9.96	0.013278705
9.97	0.013240849
9.98	0.013203085
9.99	0.013166523
10	0.013130839