0.005 6.0914e-007
0.01 7.5022e-007
0.015 6.6783e-007
0.02 8.8681e-007
0.025 9.274e-007
0.03 1.3228e-006
0.035 1.6849e-006
0.04 2.5726e-006
0.045 3.4833e-006
0.05 4.523e-006
0.055 4.9543e-006
0.06 4.5471e-006
0.065 2.515e-006
0.07 -5.5634e-007
0.075 -3.7552e-006
0.08 -5.578e-006
0.085 -5.9653e-006
0.09 -5.1438e-006
0.095 -4.4877e-006
0.1 -2.5651e-006
0.105 6.8714e-007
0.11 3.9669e-006
0.115 4.4642e-006
0.12 9.7836e-007
0.125 -4.953e-006
0.13 -9.5404e-006
0.135 -4.7513e-006
0.14 7.3304e-006
0.145 1.6731e-005
0.15 2.4623e-005
0.155 3.6901e-005
0.16 5.3036e-005
0.165 6.7425e-005
0.17 6.9191e-005
0.175 5.9873e-005
0.18 4.7924e-005
0.185 3.5414e-005
0.19 2.1714e-005
0.195 -2.8036e-006
0.2 -3.2692e-005
0.205 -5.65e-005
0.21 -7.7114e-005
0.215 -0.00010371
0.22 -0.00013626
0.225 -0.00015432
0.23 -0.00011567
0.235 -3.6714e-005
0.24 2.8841e-005
0.245 6.6944e-005
0.25 9.0718e-005
0.255 0.00011878
0.26 0.00015662
0.265 0.00018561
0.27 0.00019317
0.275 0.00016971
0.28 0.00012333
0.285 6.4791e-005
0.29 3.5531e-006
0.295 -5.5276e-005
0.3 -0.00010637
0.305 -0.0001405
0.31 -0.00014939
0.315 -0.00013979
0.32 -0.0001286
0.325 -0.00011037
0.33 -8.0189e-005
0.335 -4.0054e-005
0.34 1.9685e-006
0.345 3.9999e-005
0.35 5.6413e-005
0.355 5.2419e-005
0.36 3.0912e-005
0.365 1.6573e-005
0.37 3.767e-005
0.375 0.000102
0.38 0.0001833
0.385 0.00025233
0.39 0.00031415
0.395 0.00039919
0.4 0.000494
0.405 0.0005591
0.41 0.00053564
0.415 0.00039861
0.42 1.5222e-005
0.425 -0.00045142
0.43 -0.0007592
0.435 -0.00081624
0.44 -0.0007194
0.445 -0.00055983
0.45 -0.00035918
0.455 -0.00014417
0.46 8.3846e-005
0.465 0.00030604
0.47 0.00049689
0.475 0.00055077
0.48 0.00048604
0.485 0.00037245
0.49 0.00030032
0.495 0.00028925
0.5 0.00030355
0.505 0.00028569
0.51 0.00021207
0.515 0.00011228
0.52 2.1339e-005
0.525 -6.6504e-005
0.53 -0.00013361
0.535 -0.00015823
0.54 -6.0618e-005
0.545 0.00013386
0.55 0.00030394
0.555 0.00036368
0.56 0.00029577
0.565 0.00017021
0.57 4.9277e-005
0.575 -9.1374e-005
0.58 -0.0002847
0.585 -0.0003765
0.59 -0.00025019
0.595 0.00014843
0.6 0.00063983
0.605 0.00097728
0.61 0.0011972
0.615 0.0013467
0.62 0.0014274
0.625 0.0012793
0.63 0.00083616
0.635 0.00021185
0.64 -0.00042966
0.645 -0.00082668
0.65 -0.0010065
0.655 -0.0012511
0.66 -0.0014761
0.665 -0.0013617
0.67 -0.00074046
0.675 9.4596e-005
0.68 0.00064124
0.685 0.00081443
0.69 0.00097081
0.695 0.0013252
0.7 0.0017192
0.705 0.0017596
0.71 0.0013853
0.715 0.00052436
0.72 -0.00069051
0.725 -0.0017743
0.73 -0.0024612
0.735 -0.0027021
0.74 -0.0027407
0.745 -0.0024604
0.75 -0.0014777
0.755 0.00040206
0.76 0.0021532
0.765 0.0026976
0.77 0.0021319
0.775 0.00038677
0.78 -0.0018269
0.785 -0.0033929
0.79 -0.0035803
0.795 -0.0028122
0.8 -0.0018323
0.805 -0.0010066
0.81 -0.00024933
0.815 0.00069085
0.82 0.0021908
0.825 0.0038853
0.83 0.0046824
0.835 0.0042911
0.84 0.0031176
0.845 0.0017366
0.85 0.00060543
0.855 -0.00024877
0.86 -0.00068065
0.865 -0.00048695
0.87 -3.4027e-005
0.875 0.00041004
0.88 0.00075749
0.885 0.00095955
0.89 0.0011352
0.895 0.0014123
0.9 0.0016633
0.905 0.0017497
0.91 0.0014149
0.915 0.00064658
0.92 -0.00019801
0.925 -0.00028495
0.93 0.00031065
0.935 0.0010051
0.94 0.0014647
0.945 0.0016209
0.95 0.0016262
0.955 0.0015307
0.96 0.001412
0.965 0.0013515
0.97 0.0016003
0.975 0.0019902
0.98 0.0020418
0.985 0.0015705
0.99 0.00038821
0.995 -0.0010948
1 -0.0023416
1.005 -0.003254
1.01 -0.003903
1.015 -0.0039223
1.02 -0.0031134
1.025 -0.0020338
1.03 -0.0013374
1.035 -0.0011616
1.04 -0.0011662
1.045 -0.0010736
1.05 -0.00083626
1.055 -0.00059546
1.06 -0.00073616
1.065 -0.0013236
1.07 -0.0021645
1.075 -0.0029518
1.08 -0.0033619
1.085 -0.0029174
1.09 -0.0018967
1.095 -0.00080223
1.1 -0.00032868
1.105 -0.00083789
1.11 -0.0018075
1.115 -0.0030998
1.12 -0.0041566
1.125 -0.0046957
1.13 -0.0050294
1.135 -0.0051445
1.14 -0.004646
1.145 -0.0034008
1.15 -0.001557
1.155 0.00014794
1.16 0.00067199
1.165 4.8749e-005
1.17 -0.0014141
1.175 -0.0036172
1.18 -0.004988
1.185 -0.004284
1.19 -0.0020513
1.195 0.00017489
1.2 0.0017626
1.205 0.0026204
1.21 0.0027168
1.215 0.0022765
1.22 0.00097843
1.225 -0.00091246
1.23 -0.0026407
1.235 -0.003672
1.24 -0.0033164
1.245 -0.0012222
1.25 0.001934
1.255 0.005008
1.26 0.0065379
1.265 0.0065082
1.27 0.005869
1.275 0.0046909
1.28 0.0026916
1.285 0.00019157
1.29 -0.0016408
1.295 -0.002649
1.3 -0.0030525
1.305 -0.0026884
1.31 -0.0017063
1.315 -0.00059495
1.32 0.00020348
1.325 0.00047601
1.33 0.00052907
1.335 0.00074083
1.34 0.0015414
1.345 0.002773
1.35 0.0038863
1.355 0.0041976
1.36 0.0038157
1.365 0.0032839
1.37 0.0027623
1.375 0.0019536
1.38 0.00086568
1.385 0.00049112
1.39 0.00075149
1.395 0.0007907
1.4 0.00025063
1.405 -0.00050134
1.41 -0.00089851
1.415 -0.0010465
1.42 -0.0013743
1.425 -0.0022365
1.43 -0.0033451
1.435 -0.004491
1.44 -0.0050079
1.445 -0.0045498
1.45 -0.003518
1.455 -0.0023384
1.46 -0.0013044
1.465 -0.00040346
1.47 0.00029563
1.475 0.0006243
1.48 0.00052529
1.485 0.00021773
1.49 -0.00023473
1.495 -0.0006089
1.5 -0.00042354
1.505 0.00017921
1.51 0.00077209
1.515 0.00085438
1.52 0.00048742
1.525 0.00013383
1.53 0.00011081
1.535 0.00048109
1.54 0.00098248
1.545 0.0014027
1.55 0.0015232
1.555 0.0013464
1.56 0.00072948
1.565 -0.00028441
1.57 -0.001411
1.575 -0.0024374
1.58 -0.0030766
1.585 -0.0033546
1.59 -0.003485
1.595 -0.0031467
1.6 -0.0022196
1.605 -0.00085464
1.61 0.00076571
1.615 0.0024356
1.62 0.0036811
1.625 0.0042599
1.63 0.0042309
1.635 0.0039775
1.64 0.0036429
1.645 0.003284
1.65 0.0030134
1.655 0.0027342
1.66 0.0023709
1.665 0.0019314
1.67 0.0016491
1.675 0.0016123
1.68 0.001583
1.685 0.0014438
1.69 0.0014325
1.695 0.001805
1.7 0.0024684
1.705 0.0027204
1.71 0.0023721
1.715 0.0014032
1.72 2.9218e-005
1.725 -0.00071932
1.73 -0.0004216
1.735 0.00034208
1.74 0.00096475
1.745 0.00096163
1.75 0.00062787
1.755 0.00053352
1.76 0.00056898
1.765 0.00038
1.77 -0.00039715
1.775 -0.0013821
1.78 -0.0019854
1.785 -0.0021095
1.79 -0.0019661
1.795 -0.0013079
1.8 -0.00012191
1.805 0.0011914
1.81 0.0020771
1.815 0.0020995
1.82 0.0018154
1.825 0.0017261
1.83 0.00173
1.835 0.0014521
1.84 0.00096862
1.845 0.00061409
1.85 0.0009277
1.855 0.001679
1.86 0.0023218
1.865 0.0025386
1.87 0.0022134
1.875 0.0013029
1.88 2.0426e-005
1.885 -0.0013296
1.89 -0.0026319
1.895 -0.0040352
1.9 -0.0052116
1.905 -0.0058359
1.91 -0.0055213
1.915 -0.0046178
1.92 -0.0039278
1.925 -0.0035606
1.93 -0.0032703
1.935 -0.0022515
1.94 -0.00052747
1.945 0.0012981
1.95 0.0020658
1.955 0.0014419
1.96 0.00023315
1.965 -0.00078479
1.97 -0.0013618
1.975 -0.0012793
1.98 -0.00079138
1.985 -4.8823e-005
1.99 0.00069368
1.995 0.0010038
2 0.0009146
2.005 0.00057022
2.01 0.00010569
2.015 -0.00036059
2.02 -0.00075591
2.025 -0.0012199
2.03 -0.0018899
2.035 -0.0031423
2.04 -0.0045895
2.045 -0.0051267
2.05 -0.0040478
2.055 -0.0014029
2.06 0.0019293
2.065 0.0048777
2.07 0.0063653
2.075 0.0060841
2.08 0.0049552
2.085 0.0035467
2.09 0.0023879
2.095 0.0016899
2.1 0.0012205
2.105 0.00074757
2.11 0.00029824
2.115 0.00019086
2.12 0.00037463
2.125 0.00040452
2.13 5.1928e-005
2.135 -0.00094161
2.14 -0.0022111
2.145 -0.0030457
2.15 -0.0031164
2.155 -0.0023118
2.16 -0.0010295
2.165 2.4493e-005
2.17 0.00040034
2.175 -1.8041e-005
2.18 -0.0012033
2.185 -0.0029325
2.19 -0.0044684
2.195 -0.0053478
2.2 -0.005913
2.205 -0.006283
2.21 -0.0062976
2.215 -0.0055045
2.22 -0.0040931
2.225 -0.0024534
2.23 -0.00083273
2.235 0.0005227
2.24 0.0014368
2.245 0.0020604
2.25 0.002306
2.255 0.00218
2.26 0.0018967
2.265 0.0015128
2.27 0.00077947
2.275 -3.1308e-005
2.28 -0.0005748
2.285 -0.00090473
2.29 -0.0012494
2.295 -0.0017386
2.3 -0.0024928
2.305 -0.0032587
2.31 -0.0036694
2.315 -0.0036446
2.32 -0.00343
2.325 -0.0032345
2.33 -0.0031069
2.335 -0.0030264
2.34 -0.0030416
2.345 -0.0031433
2.35 -0.0032383
2.355 -0.0031426
2.36 -0.0027935
2.365 -0.0021336
2.37 -0.0012557
2.375 4.9931e-005
2.38 0.0015593
2.385 0.0024132
2.39 0.0022266
2.395 0.0014267
2.4 0.00033032
2.405 -0.00083855
2.41 -0.0018265
2.415 -0.0024813
2.42 -0.0023492
2.425 -0.0011412
2.43 0.00052426
2.435 0.0016872
2.44 0.0018488
2.445 0.0014384
2.45 0.0011071
2.455 0.0010487
2.46 0.0014088
2.465 0.0020545
2.47 0.0028367
2.475 0.0040981
2.48 0.0060081
2.485 0.008346
2.49 0.0099468
2.495 0.011007
2.5 0.012341
2.505 0.013002
2.51 0.012649
2.515 0.011903
2.52 0.011063
2.525 0.010662
2.53 0.010788
2.535 0.011308
2.54 0.011736
2.545 0.011691
2.55 0.011049
2.555 0.010103
2.56 0.0092892
2.565 0.0086339
2.57 0.0079994
2.575 0.0074844
2.58 0.0070751
2.585 0.0066043
2.59 0.0061261
2.595 0.0056305
2.6 0.0049137
2.605 0.004231
2.61 0.0039531
2.615 0.0044333
2.62 0.0051822
2.625 0.0053328
2.63 0.0047953
2.635 0.0037457
2.64 0.0015845
2.645 -0.0022775
2.65 -0.0073083
2.655 -0.010852
2.66 -0.011251
2.665 -0.009209
2.67 -0.0061197
2.675 -0.0033787
2.68 -0.0017442
2.685 -0.00069304
2.69 3.6726e-005
2.695 0.0002465
2.7 8.7587e-005
2.705 -0.00067058
2.71 -0.0019257
2.715 -0.0033614
2.72 -0.0050185
2.725 -0.0071422
2.73 -0.0094402
2.735 -0.011265
2.74 -0.011511
2.745 -0.0097741
2.75 -0.0064417
2.755 -0.0022084
2.76 0.0027354
2.765 0.0081812
2.77 0.013822
2.775 0.019261
2.78 0.022993
2.785 0.023339
2.79 0.021842
2.795 0.020871
2.8 0.020537
2.805 0.019934
2.81 0.018855
2.815 0.017924
2.82 0.017029
2.825 0.015434
2.83 0.012279
2.835 0.006841
2.84 -0.0013047
2.845 -0.0084651
2.85 -0.012937
2.855 -0.01543
2.86 -0.016857
2.865 -0.018032
2.87 -0.018875
2.875 -0.019119
2.88 -0.018105
2.885 -0.015626
2.89 -0.011665
2.895 -0.0072279
2.9 -0.0018165
2.905 0.0035881
2.91 0.008668
2.915 0.012967
2.92 0.014908
2.925 0.014022
2.93 0.011603
2.935 0.009177
2.94 0.0073204
2.945 0.0054502
2.95 0.0025167
2.955 -0.0023318
2.96 -0.0072027
2.965 -0.013144
2.97 -0.020436
2.975 -0.027911
2.98 -0.032143
2.985 -0.032668
2.99 -0.032214
2.995 -0.03213
3 -0.032389
3.005 -0.03213
3.01 -0.031223
3.015 -0.029742
3.02 -0.027873
3.025 -0.025803
3.03 -0.023703
3.035 -0.021724
3.04 -0.019769
3.045 -0.01735
3.05 -0.014313
3.055 -0.010432
3.06 -0.0053255
3.065 -0.00051549
3.07 0.0049222
3.075 0.009459
3.08 0.011542
3.085 0.011498
3.09 0.0095649
3.095 0.00552
3.1 0.0010253
3.105 -0.0023387
3.11 -0.0042308
3.115 -0.0046874
3.12 -0.004938
3.125 -0.005703
3.13 -0.0067601
3.135 -0.007506
3.14 -0.0076658
3.145 -0.0074303
3.15 -0.0072062
3.155 -0.006996
3.16 -0.0067192
3.165 -0.0062118
3.17 -0.0055635
3.175 -0.0048781
3.18 -0.0044533
3.185 -0.0044382
3.19 -0.0043344
3.195 -0.0037408
3.2 -0.0032436
3.205 -0.0033037
3.21 -0.0042396
3.215 -0.0057792
3.22 -0.0070889
3.225 -0.0070518
3.23 -0.0055564
3.235 -0.0036159
3.24 -0.0020634
3.245 -0.0011254
3.25 -0.00044374
3.255 0.00046662
3.26 0.0017158
3.265 0.0030987
3.27 0.004135
3.275 0.0047767
3.28 0.0050921
3.285 0.0052593
3.29 0.0053677
3.295 0.0055776
3.3 0.0060569
3.305 0.0067249
3.31 0.0073833
3.315 0.0076722
3.32 0.0075763
3.325 0.0069809
3.33 0.0060136
3.335 0.0050774
3.34 0.0046599
3.345 0.0047218
3.35 0.0048992
3.355 0.0052867
3.36 0.0059653
3.365 0.006622
3.37 0.0070782
3.375 0.00762
3.38 0.0083896
3.385 0.009714
3.39 0.011296
3.395 0.012619
3.4 0.01375
3.405 0.015153
3.41 0.016723
3.415 0.018056
3.42 0.019072
3.425 0.01954
3.43 0.019146
3.435 0.018299
3.44 0.01713
3.445 0.015579
3.45 0.013959
3.455 0.012593
3.46 0.011257
3.465 0.0098388
3.47 0.0086062
3.475 0.0079209
3.48 0.007718
3.485 0.0078405
3.49 0.007989
3.495 0.0079376
3.5 0.0076481
3.505 0.0072524
3.51 0.0069028
3.515 0.0067076
3.52 0.0067202
3.525 0.0067284
3.53 0.0065785
3.535 0.006181
3.54 0.0057215
3.545 0.00544
3.55 0.0053676
3.555 0.0053942
3.56 0.0054681
3.565 0.0055438
3.57 0.0055746
3.575 0.0056488
3.58 0.00586
3.585 0.0068134
3.59 0.0085121
3.595 0.0099483
3.6 0.010372
3.605 0.009859
3.61 0.0083479
3.615 0.0059722
3.62 0.0039634
3.625 0.0033465
3.63 0.0041021
3.635 0.0052721
3.64 0.0059853
3.645 0.0062855
3.65 0.0065677
3.655 0.0070417
3.66 0.0077733
3.665 0.0086055
3.67 0.0092763
3.675 0.0097834
3.68 0.01027
3.685 0.010735
3.69 0.011035
3.695 0.010921
3.7 0.010365
3.705 0.0094768
3.71 0.0085267
3.715 0.0077612
3.72 0.0068886
3.725 0.0055448
3.73 0.0032741
3.735 -0.00056562
3.74 -0.0060036
3.745 -0.011024
3.75 -0.014256
3.755 -0.016155
3.76 -0.016886
3.765 -0.016617
3.77 -0.015657
3.775 -0.014535
3.78 -0.01354
3.785 -0.012593
3.79 -0.011819
3.795 -0.011128
3.8 -0.010268
3.805 -0.0091873
3.81 -0.0079562
3.815 -0.0068235
3.82 -0.0062368
3.825 -0.0061263
3.83 -0.0065177
3.835 -0.0074675
3.84 -0.0089815
3.845 -0.010751
3.85 -0.012399
3.855 -0.013718
3.86 -0.014127
3.865 -0.013921
3.87 -0.013774
3.875 -0.013966
3.88 -0.014381
3.885 -0.014644
3.89 -0.014522
3.895 -0.013899
3.9 -0.012928
3.905 -0.011783
3.91 -0.010515
3.915 -0.0092095
3.92 -0.0081698
3.925 -0.0078725
3.93 -0.0081098
3.935 -0.0088332
3.94 -0.0097552
3.945 -0.010509
3.95 -0.011037
3.955 -0.011195
3.96 -0.01066
3.965 -0.0097186
3.97 -0.008761
3.975 -0.0078568
3.98 -0.0065187
3.985 -0.0046791
3.99 -0.0027473
3.995 -0.0009766
4 0.000602
4.005 0.0020759
4.01 0.0031237
4.015 0.0034751
4.02 0.0035035
4.025 0.0032088
4.03 0.0026435
4.035 0.0020069
4.04 0.0017964
4.045 0.0021764
4.05 0.0030944
4.055 0.0043051
4.06 0.0056648
4.065 0.0070455
4.07 0.0083193
4.075 0.0091979
4.08 0.0095787
4.085 0.0094805
4.09 0.0089791
4.095 0.0078613
4.1 0.0057536
4.105 0.0025163
4.11 -0.0012366
4.115 -0.00551
4.12 -0.0093014
4.125 -0.012075
4.13 -0.014068
4.135 -0.015759
4.14 -0.017503
4.145 -0.018734
4.15 -0.019238
4.155 -0.019301
4.16 -0.018958
4.165 -0.018242
4.17 -0.016995
4.175 -0.015409
4.18 -0.013944
4.185 -0.012694
4.19 -0.011569
4.195 -0.010392
4.2 -0.0091743
4.205 -0.0079299
4.21 -0.0067206
4.215 -0.0055216
4.22 -0.0043466
4.225 -0.0031837
4.23 -0.0020739
4.235 -0.0010609
4.24 -0.00017727
4.245 0.00059318
4.25 0.0011211
4.255 0.0012613
4.26 0.0010254
4.265 0.00054434
4.27 -0.0001904
4.275 -0.00095959
4.28 -0.0016306
4.285 -0.0025601
4.29 -0.0038803
4.295 -0.0052486
4.3 -0.0062884
4.305 -0.0068646
4.31 -0.0071894
4.315 -0.0073052
4.32 -0.0071917
4.325 -0.0067416
4.33 -0.0059011
4.335 -0.004863
4.34 -0.0037222
4.345 -0.0020872
4.35 9.0126e-005
4.355 0.0023064
4.36 0.0041534
4.365 0.0058493
4.37 0.0071577
4.375 0.0078043
4.38 0.0077785
4.385 0.0073907
4.39 0.0066292
4.395 0.0055692
4.4 0.0044098
4.405 0.0035285
4.41 0.0031279
4.415 0.0031759
4.42 0.0037648
4.425 0.0046675
4.43 0.0058872
4.435 0.0077651
4.44 0.0099252
4.445 0.011844
4.45 0.01344
4.455 0.014684
4.46 0.015782
4.465 0.016578
4.47 0.016655
4.475 0.016256
4.48 0.015499
4.485 0.014326
4.49 0.012802
4.495 0.011064
4.5 0.0093953
4.505 0.0080576
4.51 0.0071227
4.515 0.0065043
4.52 0.0060257
4.525 0.005704
4.53 0.0055621
4.535 0.0055933
4.54 0.0058493
4.545 0.0062649
4.55 0.0070321
4.555 0.0081932
4.56 0.0096183
4.565 0.011113
4.57 0.012523
4.575 0.013827
4.58 0.014685
4.585 0.014709
4.59 0.014252
4.595 0.013533
4.6 0.012475
4.605 0.011164
4.61 0.0095153
4.615 0.0076626
4.62 0.0056971
4.625 0.0035946
4.63 0.0016589
4.635 0.00031475
4.64 -0.0004778
4.645 -0.00067939
4.65 -0.00048506
4.655 -7.4158e-005
4.66 0.00037974
4.665 0.00076261
4.67 0.001046
4.675 0.0012623
4.68 0.0013584
4.685 0.0013471
4.69 0.0012926
4.695 0.0010248
4.7 0.00047617
4.705 -0.00031237
4.71 -0.0012692
4.715 -0.0022457
4.72 -0.0031576
4.725 -0.0036644
4.73 -0.0037931
4.735 -0.0037607
4.74 -0.0037215
4.745 -0.0036893
4.75 -0.0036604
4.755 -0.0036552
4.76 -0.0038234
4.765 -0.0042322
4.77 -0.0048371
4.775 -0.0054107
4.78 -0.0057346
4.785 -0.0057742
4.79 -0.0055568
4.795 -0.0051577
4.8 -0.0045848
4.805 -0.0039417
4.81 -0.0033222
4.815 -0.0027796
4.82 -0.002366
4.825 -0.0019411
4.83 -0.0013998
4.835 -0.00054515
4.84 0.00049389
4.845 0.0016714
4.85 0.0029626
4.855 0.004242
4.86 0.0054793
4.865 0.0068531
4.87 0.0083365
4.875 0.0097071
4.88 0.010899
4.885 0.011719
4.89 0.012004
4.895 0.011917
4.9 0.011553
4.905 0.010833
4.91 0.0096637
4.915 0.0079253
4.92 0.0054408
4.925 0.0020543
4.93 -0.0020626
4.935 -0.0065267
4.94 -0.01073
4.945 -0.014007
4.95 -0.016409
4.955 -0.017687
4.96 -0.017862
4.965 -0.017283
4.97 -0.016397
4.975 -0.01529
4.98 -0.013991
4.985 -0.012821
4.99 -0.011828
4.995 -0.010949
5 -0.010149
5.005 -0.0094802
5.01 -0.0089815
5.015 -0.0086085
5.02 -0.0082622
5.025 -0.0079786
5.03 -0.0080203
5.035 -0.0085312
5.04 -0.0093522
5.045 -0.010404
5.05 -0.01158
5.055 -0.012722
5.06 -0.013637
5.065 -0.014085
5.07 -0.014224
5.075 -0.014183
5.08 -0.01398
5.085 -0.013567
5.09 -0.012787
5.095 -0.011669
5.1 -0.01038
5.105 -0.0090923
5.11 -0.007824
5.115 -0.006553
5.12 -0.0053768
5.125 -0.0044019
5.13 -0.0038692
5.135 -0.0037192
5.14 -0.0037501
5.145 -0.0037344
5.15 -0.0034501
5.155 -0.0027478
5.16 -0.0015776
5.165 -0.00028772
5.17 0.00092014
5.175 0.0019583
5.18 0.0025653
5.185 0.0028193
5.19 0.002919
5.195 0.0029201
5.2 0.0028235
5.205 0.0026079
5.21 0.0023425
5.215 0.0020772
5.22 0.0016815
5.225 0.0010765
5.23 0.00037727
5.235 -0.00044305
5.24 -0.0014729
5.245 -0.0026873
5.25 -0.0038815
5.255 -0.0048484
5.26 -0.0053779
5.265 -0.0053861
5.27 -0.0050221
5.275 -0.0041601
5.28 -0.0030009
5.285 -0.0017567
5.29 -0.00054
5.295 0.00033071
5.3 0.00095455
5.305 0.0013537
5.31 0.0016683
5.315 0.0021324
5.32 0.0027486
5.325 0.0033832
5.33 0.0037824
5.335 0.0039488
5.34 0.003957
5.345 0.0039885
5.35 0.0042039
5.355 0.0046454
5.36 0.0052484
5.365 0.0059507
5.37 0.006597
5.375 0.0069574
5.38 0.00708
5.385 0.0070985
5.39 0.0071008
5.395 0.0071017
5.4 0.0070575
5.405 0.006969
5.41 0.0068588
5.415 0.0067304
5.42 0.0065913
5.425 0.0065352
5.43 0.006568
5.435 0.0066405
5.44 0.0066083
5.445 0.0064041
5.45 0.0061032
5.455 0.0058017
5.46 0.0054903
5.465 0.0052062
5.47 0.005032
5.475 0.0052112
5.48 0.0056524
5.485 0.0060856
5.49 0.0064844
5.495 0.0069156
5.5 0.0073929
5.505 0.0078427
5.51 0.0080518
5.515 0.0080347
5.52 0.0078736
5.525 0.0072854
5.53 0.0060589
5.535 0.0043323
5.54 0.0024179
5.545 0.00055312
5.55 -0.0011544
5.555 -0.0025004
5.56 -0.0034183
5.565 -0.0041219
5.57 -0.0047043
5.575 -0.0051624
5.58 -0.0053776
5.585 -0.0051294
5.59 -0.0040214
5.595 -0.0023522
5.6 -0.00026919
5.605 0.0018453
5.61 0.0034836
5.615 0.0041516
5.62 0.0040172
5.625 0.0037679
5.63 0.0035512
5.635 0.0033247
5.64 0.0031616
5.645 0.0033428
5.65 0.0038476
5.655 0.0045108
5.66 0.0052503
5.665 0.006034
5.67 0.0068343
5.675 0.0076121
5.68 0.0082979
5.685 0.0089704
5.69 0.0098511
5.695 0.010776
5.7 0.011441
5.705 0.01172
5.71 0.011606
5.715 0.011268
5.72 0.010872
5.725 0.010251
5.73 0.0092381
5.735 0.0078081
5.74 0.0063682
5.745 0.0051552
5.75 0.0040124
5.755 0.0029412
5.76 0.0020362
5.765 0.0013641
5.77 0.00092394
5.775 0.00058285
5.78 0.00024939
5.785 -0.00012309
5.79 -0.00052441
5.795 -0.00089914
5.8 -0.0011952
5.805 -0.0013898
5.81 -0.0013759
5.815 -0.0011887
5.82 -0.0007517
5.825 -0.00015455
5.83 0.00043113
5.835 0.0010008
5.84 0.0015962
5.845 0.002181
5.85 0.0027069
5.855 0.0030903
5.86 0.0033472
5.865 0.0034908
5.87 0.0034917
5.875 0.0033054
5.88 0.0028344
5.885 0.002193
5.89 0.0015641
5.895 0.0010144
5.9 0.00051043
5.905 7.1235e-005
5.91 -0.00027867
5.915 -0.00053446
5.92 -0.00067053
5.925 -0.00071967
5.93 -0.00050946
5.935 -8.9012e-005
5.94 0.00035193
5.945 0.00080769
5.95 0.0013306
5.955 0.001881
5.96 0.0023873
5.965 0.0027134
5.97 0.0028617
5.975 0.0028175
5.98 0.0025712
5.985 0.0022043
5.99 0.0017097
5.995 0.0010227
6 5.606e-005
6.005 -0.0011645
6.01 -0.0023052
6.015 -0.003083
6.02 -0.0034189
6.025 -0.0035103
6.03 -0.0035013
6.035 -0.0034589
6.04 -0.0034211
6.045 -0.0033507
6.05 -0.0032401
6.055 -0.0030922
6.06 -0.0028432
6.065 -0.002386
6.07 -0.0016925
6.075 -0.00089708
6.08 -4.6478e-005
6.085 0.00080097
6.09 0.0015095
6.095 0.0020353
6.1 0.0023703
6.105 0.0026081
6.11 0.0027936
6.115 0.0028985
6.12 0.0029228
6.125 0.002991
6.13 0.0031195
6.135 0.0032018
6.14 0.0031487
6.145 0.0029875
6.15 0.0028444
6.155 0.0028065
6.16 0.00294
6.165 0.0032803
6.17 0.0037712
6.175 0.0043966
6.18 0.0050773
6.185 0.0055844
6.19 0.0058844
6.195 0.0059947
6.2 0.0059776
6.205 0.0058675
6.21 0.0055955
6.215 0.0051399
6.22 0.0043779
6.225 0.0034634
6.23 0.0026439
6.235 0.0019479
6.24 0.001286
6.245 0.00060733
6.25 5.3604e-005
6.255 -0.00037673
6.26 -0.00087149
6.265 -0.0015285
6.27 -0.0022834
6.275 -0.0031619
6.28 -0.0039231
6.285 -0.004361
6.29 -0.0044352
6.295 -0.0043771
6.3 -0.0043409
6.305 -0.0042803
6.31 -0.0041617
6.315 -0.0040221
6.32 -0.0039249
6.325 -0.0039007
6.33 -0.0039406
6.335 -0.004006
6.34 -0.0041288
6.345 -0.0042895
6.35 -0.0044073
6.355 -0.0045271
6.36 -0.0047421
6.365 -0.0052047
6.37 -0.0058138
6.375 -0.00636
6.38 -0.0067632
6.385 -0.0070493
6.39 -0.0072142
6.395 -0.0072301
6.4 -0.007142
6.405 -0.0069744
6.41 -0.0067955
6.415 -0.0066482
6.42 -0.0064928
6.425 -0.0062848
6.43 -0.0060073
6.435 -0.005659
6.44 -0.0051945
6.445 -0.0046471
6.45 -0.0040835
6.455 -0.0035161
6.46 -0.002966
6.465 -0.0026298
6.47 -0.0024741
6.475 -0.0023098
6.48 -0.0020774
6.485 -0.0018074
6.49 -0.0016224
6.495 -0.0015325
6.5 -0.0015097
6.505 -0.0015082
6.51 -0.0015181
6.515 -0.0015251
6.52 -0.0015256
6.525 -0.0015237
6.53 -0.0015211
6.535 -0.0015072
6.54 -0.0015387
6.545 -0.0016586
6.55 -0.0019925
6.555 -0.0025267
6.56 -0.0031842
6.565 -0.0039327
6.57 -0.0046533
6.575 -0.0052222
6.58 -0.0056496
6.585 -0.0059964
6.59 -0.006176
6.595 -0.0060805
6.6 -0.0057639
6.605 -0.0052746
6.61 -0.0047081
6.615 -0.0041175
6.62 -0.0035339
6.625 -0.0030097
6.63 -0.0026007
6.635 -0.0023038
6.64 -0.0020697
6.645 -0.0018419
6.65 -0.0015348
6.655 -0.0011842
6.66 -0.00087639
6.665 -0.00064556
6.67 -0.00047009
6.675 -0.00038471
6.68 -0.00038
6.685 -0.00039853
6.69 -0.00037201
6.695 -0.00028009
6.7 -0.00012202
6.705 6.3128e-005
6.71 0.00020778
6.715 0.00025363
6.72 0.00015932
6.725 -7.6316e-005
6.73 -0.00036808
6.735 -0.00063646
6.74 -0.00086939
6.745 -0.0010816
6.75 -0.0012544
6.755 -0.0013519
6.76 -0.0013049
6.765 -0.0011708
6.77 -0.0010628
6.775 -0.0010204
6.78 -0.0010339
6.785 -0.001122
6.79 -0.0012936
6.795 -0.0015492
6.8 -0.0019208
6.805 -0.0023225
6.81 -0.0025923
6.815 -0.0027507
6.82 -0.0029181
6.825 -0.0030844
6.83 -0.003234
6.835 -0.0033845
6.84 -0.0035175
6.845 -0.0036189
6.85 -0.0037516
6.855 -0.0039098
6.86 -0.0040284
6.865 -0.0041059
6.87 -0.0041698
6.875 -0.004216
6.88 -0.0042218
6.885 -0.0041592
6.89 -0.0038961
6.895 -0.003451
6.9 -0.0027599
6.905 -0.0019513
6.91 -0.001243
6.915 -0.00072757
6.92 -0.00037508
6.925 -0.00019474
6.93 -0.00014318
6.935 -0.00022204
6.94 -0.00037143
6.945 -0.00047794
6.95 -0.00054038
6.955 -0.00059202
6.96 -0.00065661
6.965 -0.00070196
6.97 -0.00070612
6.975 -0.00063043
6.98 -0.00051791
6.985 -0.00045849
6.99 -0.00045442
6.995 -0.00043652
7 -0.00045093
7.005 -0.00054031
7.01 -0.00069135
7.015 -0.00084207
7.02 -0.00097507
7.025 -0.0011022
7.03 -0.0012378
7.035 -0.0013237
7.04 -0.0012939
7.045 -0.0011003
7.05 -0.00077367
7.055 -0.00039204
7.06 -0.0001237
7.065 1.6197e-005
7.07 7.9699e-005
7.075 0.00013601
7.08 0.00021609
7.085 0.00029188
7.09 0.00035316
7.095 0.0004529
7.1 0.00059662
7.105 0.00074872
7.11 0.00077075
7.115 0.00061225
7.12 0.00025395
7.125 -0.00025671
7.13 -0.00069741
7.135 -0.00093547
7.14 -0.0012157
7.145 -0.0016596
7.15 -0.0021314
7.155 -0.0024392
7.16 -0.0025674
7.165 -0.0025919
7.17 -0.0025243
7.175 -0.0023059
7.18 -0.0019335
7.185 -0.0015171
7.19 -0.0011092
7.195 -0.00072141
7.2 -0.00037677
7.205 -9.2081e-005
7.21 0.00014031
7.215 0.00028064
7.22 0.00030203
7.225 0.00015015
7.23 -0.00015766
7.235 -0.00056994
7.24 -0.00095776
7.245 -0.0012353
7.25 -0.0014215
7.255 -0.0015062
7.26 -0.0014867
7.265 -0.0012107
7.27 -0.00074335
7.275 -0.00017997
7.28 0.00039667
7.285 0.00093445
7.29 0.0015303
7.295 0.0022276
7.3 0.0028645
7.305 0.0033673
7.31 0.0038576
7.315 0.0043633
7.32 0.0048005
7.325 0.0051052
7.33 0.0052961
7.335 0.0053133
7.34 0.0051805
7.345 0.0048146
7.35 0.004239
7.355 0.0035594
7.36 0.0028015
7.365 0.0020618
7.37 0.0014138
7.375 0.00097414
7.38 0.00071772
7.385 0.00059035
7.39 0.00052885
7.395 0.00051564
7.4 0.00053762
7.405 0.00055305
7.41 0.00051175
7.415 0.00038921
7.42 0.00018056
7.425 -3.7064e-005
7.43 -0.00019815
7.435 -0.00030188
7.44 -0.00035465
7.445 -0.00036831
7.45 -0.00034835
7.455 -0.00030213
7.46 -0.00023181
7.465 -0.00017162
7.47 -0.00016117
7.475 -0.00014933
7.48 -7.7897e-005
7.485 9.1342e-005
7.49 0.0003252
7.495 0.00057334
7.5 0.00069418
7.505 0.00068124
7.51 0.00067364
7.515 0.0007035
7.52 0.00069712
7.525 0.0005937
7.53 0.00042141
7.535 0.00028605
7.54 0.00022775
7.545 0.00020861
7.55 0.00018931
7.555 0.00016072
7.56 0.00018278
7.565 0.00026729
7.57 0.00038309
7.575 0.00053903
7.58 0.00072741
7.585 0.0009528
7.59 0.0012302
7.595 0.0015733
7.6 0.0019835
7.605 0.0024315
7.61 0.0028764
7.615 0.0032982
7.62 0.0036864
7.625 0.0039889
7.63 0.0041396
7.635 0.0040904
7.64 0.0038781
7.645 0.0035152
7.65 0.0031144
7.655 0.002788
7.66 0.002554
7.665 0.0023644
7.67 0.0022648
7.675 0.0023185
7.68 0.0025352
7.685 0.0028303
7.69 0.0030955
7.695 0.0033539
7.7 0.0036316
7.705 0.0039115
7.71 0.0040935
7.715 0.0041434
7.72 0.0040845
7.725 0.0039578
7.73 0.0037258
7.735 0.003403
7.74 0.0030304
7.745 0.0026267
7.75 0.0022363
7.755 0.0019386
7.76 0.0017729
7.765 0.0017071
7.77 0.0017932
7.775 0.0020148
7.78 0.0023118
7.785 0.0026532
7.79 0.0030143
7.795 0.0034179
7.8 0.0038576
7.805 0.0043819
7.81 0.0049648
7.815 0.0055601
7.82 0.0060158
7.825 0.0062568
7.83 0.0062787
7.835 0.0061904
7.84 0.0060144
7.845 0.0057377
7.85 0.00537
7.855 0.0049308
7.86 0.0044726
7.865 0.0039998
7.87 0.0035046
7.875 0.0029861
7.88 0.0024288
7.885 0.0018938
7.89 0.0014692
7.895 0.0011529
7.9 0.00089543
7.905 0.00071518
7.91 0.00067236
7.915 0.00081594
7.92 0.0011544
7.925 0.001564
7.93 0.0019662
7.935 0.0023378
7.94 0.0026531
7.945 0.0028233
7.95 0.0028283
7.955 0.0026907
7.96 0.0024708
7.965 0.0021892
7.97 0.0019044
7.975 0.0016661
7.98 0.0014225
7.985 0.0011411
7.99 0.0008283
7.995 0.00049598
8 0.00015279
8.005 -0.00019608
8.01 -0.00051433
8.015 -0.00075844
8.02 -0.0008994
8.025 -0.00097785
8.03 -0.0010413
8.035 -0.0010488
8.04 -0.00092764
8.045 -0.00069867
8.05 -0.00045578
8.055 -0.00021419
8.06 3.3516e-005
8.065 0.00027958
8.07 0.00052284
8.075 0.00076146
8.08 0.00097307
8.085 0.001134
8.09 0.0012084
8.095 0.0011908
8.1 0.0010841
8.105 0.00083728
8.11 0.00047901
8.115 5.1414e-005
8.12 -0.00030878
8.125 -0.00050684
8.13 -0.00041663
8.135 -0.00017758
8.14 4.898e-006
8.145 8.0041e-005
8.15 8.9431e-005
8.155 0.00010002
8.16 0.00011956
8.165 0.00013208
8.17 0.00013797
8.175 0.00017438
8.18 0.00026887
8.185 0.0003922
8.19 0.00045814
8.195 0.00043219
8.2 0.00031341
8.205 0.00017318
8.21 6.4273e-005
8.215 -1.592e-006
8.22 -6.6646e-005
8.225 -0.00016803
8.23 -0.00038212
8.235 -0.0006799
8.24 -0.00096721
8.245 -0.0012063
8.25 -0.0014151
8.255 -0.0015121
8.26 -0.0014811
8.265 -0.0013644
8.27 -0.0012465
8.275 -0.0011792
8.28 -0.0011717
8.285 -0.0012114
8.29 -0.0013198
8.295 -0.001475
8.3 -0.0016384
8.305 -0.001802
8.31 -0.0019711
8.315 -0.0021634
8.32 -0.0023833
8.325 -0.0026217
8.33 -0.0029028
8.335 -0.0031797
8.34 -0.0033795
8.345 -0.0035297
8.35 -0.0036764
8.355 -0.0037242
8.36 -0.0036226
8.365 -0.0033997
8.37 -0.0030726
8.375 -0.0026763
8.38 -0.0022568
8.385 -0.0018433
8.39 -0.0013996
8.395 -0.00089721
8.4 -0.00033641
8.405 0.00021383
8.41 0.00069711
8.415 0.0010375
8.42 0.0012636
8.425 0.0013862
8.43 0.0014288
8.435 0.001423
8.44 0.0013908
8.445 0.0013616
8.45 0.0013453
8.455 0.0013392
8.46 0.0013268
8.465 0.00126
8.47 0.0011328
8.475 0.00093536
8.48 0.00065814
8.485 0.00030283
8.49 -0.00013517
8.495 -0.00060217
8.5 -0.0010612
8.505 -0.0015281
8.51 -0.00201
8.515 -0.0023196
8.52 -0.0024274
8.525 -0.0024445
8.53 -0.0024503
8.535 -0.0024659
8.54 -0.0024028
8.545 -0.0022184
8.55 -0.0019341
8.555 -0.0015702
8.56 -0.0011596
8.565 -0.00076586
8.57 -0.00043048
8.575 -0.00017055
8.58 1.9819e-005
8.585 0.00014268
8.59 0.00017426
8.595 0.00012795
8.6 3.1e-005
8.605 -6.2035e-005
8.61 -0.00012825
8.615 -0.00020831
8.62 -0.00033644
8.625 -0.00050862
8.63 -0.00072142
8.635 -0.00098706
8.64 -0.0013403
8.645 -0.0017235
8.65 -0.0020283
8.655 -0.0022448
8.66 -0.0024173
8.665 -0.0024467
8.67 -0.0023182
8.675 -0.0020888
8.68 -0.0018366
8.685 -0.0015951
8.69 -0.0014214
8.695 -0.0013192
8.7 -0.0013106
8.705 -0.0013877
8.71 -0.0015185
8.715 -0.0016293
8.72 -0.0016786
8.725 -0.0016283
8.73 -0.0014989
8.735 -0.0013376
8.74 -0.0011482
8.745 -0.00093494
8.75 -0.00071327
8.755 -0.00051829
8.76 -0.0003944
8.765 -0.00035782
8.77 -0.00037398
8.775 -0.00045084
8.78 -0.00058834
8.785 -0.00079195
8.79 -0.0009875
8.795 -0.0011146
8.8 -0.0011947
8.805 -0.0012541
8.81 -0.0012536
8.815 -0.0011831
8.82 -0.0010905
8.825 -0.0010413
8.83 -0.0009881
8.835 -0.00087597
8.84 -0.00073253
8.845 -0.00053568
8.85 -0.00033019
8.855 -0.00018744
8.86 -0.00011803
8.865 -9.2254e-005
8.87 -0.00016545
8.875 -0.00032442
8.88 -0.00051255
8.885 -0.00075018
8.89 -0.0010481
8.895 -0.0013126
8.9 -0.0014846
8.905 -0.0015858
8.91 -0.0016451
8.915 -0.001698
8.92 -0.001755
8.925 -0.0018331
8.93 -0.0019528
8.935 -0.0021129
8.94 -0.0022848
8.945 -0.0024852
8.95 -0.0027375
8.955 -0.0030463
8.96 -0.00337
8.965 -0.0036554
8.97 -0.0038665
8.975 -0.0039947
8.98 -0.0040682
8.985 -0.004089
8.99 -0.0040509
8.995 -0.0039203
9 -0.0037175
9.005 -0.0034948
9.01 -0.0031955
9.015 -0.0028158
9.02 -0.0024127
9.025 -0.0020474
9.03 -0.0017501
9.035 -0.0015374
9.04 -0.0013778
9.045 -0.0012884
9.05 -0.0012588
9.055 -0.0012525
9.06 -0.001286
9.065 -0.0013322
9.07 -0.0013088
9.075 -0.0012108
9.08 -0.0010872
9.085 -0.00096501
9.09 -0.00084422
9.095 -0.00069721
9.1 -0.00056981
9.105 -0.00049541
9.11 -0.00038443
9.115 -0.00019516
9.12 3.5176e-005
9.125 0.00025004
9.13 0.00039062
9.135 0.00047088
9.14 0.00052374
9.145 0.00058364
9.15 0.00065287
9.155 0.00070165
9.16 0.00072212
9.165 0.00073548
9.17 0.00076582
9.175 0.00083413
9.18 0.00097365
9.185 0.00114
9.19 0.0012713
9.195 0.001402
9.2 0.0015563
9.205 0.0017246
9.21 0.0018867
9.215 0.0020348
9.22 0.0021336
9.225 0.0021946
9.23 0.0022411
9.235 0.0022895
9.24 0.0023444
9.245 0.0024042
9.25 0.0024471
9.255 0.0024291
9.26 0.0023413
9.265 0.0022131
9.27 0.0019994
9.275 0.0017023
9.28 0.0013595
9.285 0.0010033
9.29 0.00064615
9.295 0.00026575
9.3 -5.8285e-005
9.305 -0.00026564
9.31 -0.00039829
9.315 -0.00050242
9.32 -0.00057085
9.325 -0.00061143
9.33 -0.00066329
9.335 -0.00075701
9.34 -0.0008883
9.345 -0.0010376
9.35 -0.0011963
9.355 -0.0013462
9.36 -0.0014681
9.365 -0.001528
9.37 -0.0015288
9.375 -0.0014703
9.38 -0.0013723
9.385 -0.0012423
9.39 -0.0010895
9.395 -0.00093179
9.4 -0.00078664
9.405 -0.00065525
9.41 -0.00053501
9.415 -0.00039244
9.42 -0.00021821
9.425 2.4894e-005
9.43 0.00028881
9.435 0.0004909
9.44 0.0005742
9.445 0.00058429
9.45 0.00054765
9.455 0.00044489
9.46 0.00024286
9.465 -6.0536e-005
9.47 -0.00041165
9.475 -0.00079492
9.48 -0.0012348
9.485 -0.0017285
9.49 -0.0022638
9.495 -0.0027277
9.5 -0.0030378
9.505 -0.0030498
9.51 -0.0028649
9.515 -0.0025968
9.52 -0.0022287
9.525 -0.001776
9.53 -0.0012956
9.535 -0.00084627
9.54 -0.00043091
9.545 -6.1227e-005
9.55 0.0002653
9.555 0.00053104
9.56 0.0007314
9.565 0.00083189
9.57 0.00084206
9.575 0.00078128
9.58 0.00065713
9.585 0.00050026
9.59 0.00032824
9.595 0.00016229
9.6 2.3166e-005
9.605 -2.9921e-005
9.61 4.6555e-006
9.615 9.1725e-005
9.62 0.0002568
9.625 0.00050728
9.63 0.00083693
9.635 0.0012082
9.64 0.0016155
9.645 0.0021402
9.65 0.0027927
9.655 0.0033704
9.66 0.0037722
9.665 0.0039906
9.67 0.0041014
9.675 0.0041541
9.68 0.0040996
9.685 0.00394
9.69 0.0036848
9.695 0.0034188
9.7 0.0032065
9.705 0.0030003
9.71 0.0027708
9.715 0.0025693
9.72 0.0024215
9.725 0.0022982
9.73 0.0021562
9.735 0.0019729
9.74 0.0017543
9.745 0.0015562
9.75 0.0014083
9.755 0.0012939
9.76 0.0012101
9.765 0.0011516
9.77 0.0010868
9.775 0.00099613
9.78 0.00088159
9.785 0.00072703
9.79 0.00052977
9.795 0.00027778
9.8 5.9909e-006
9.805 -0.00024678
9.81 -0.00048183
9.815 -0.00071325
9.82 -0.00093964
9.825 -0.001157
9.83 -0.0013607
9.835 -0.0015051
9.84 -0.0015765
9.845 -0.0015888
9.85 -0.0015044
9.855 -0.0013398
9.86 -0.0010323
9.865 -0.00065135
9.87 -0.00032648
9.875 -8.9602e-007
9.88 0.00039934
9.885 0.00080838
9.89 0.0011752
9.895 0.0015377
9.9 0.0018448
9.905 0.0020461
9.91 0.0021276
9.915 0.0021215
9.92 0.0020174
9.925 0.0018211
9.93 0.0015829
9.935 0.0013287
9.94 0.0010802
9.945 0.00084832
9.95 0.00068082
9.955 0.00058222
9.96 0.00053503
9.965 0.00052351
9.97 0.00055053
9.975 0.00059745
9.98 0.00063257
9.985 0.00064162
9.99 0.00066683
9.995 0.00073257
10 0.00075873
10.005 0.00071759
10.01 0.00063858
10.015 0.0002841
10.02 -0.0002759
10.025 -0.00076244
10.03 -0.0011304
10.035 -0.0014751
10.04 -0.0018709
10.045 -0.0022823
10.05 -0.0026097
10.055 -0.0027132
10.06 -0.0027039
10.065 -0.0027548
10.07 -0.0028761
10.075 -0.0029918
10.08 -0.0030642
10.085 -0.0031128
10.09 -0.0031673
10.095 -0.0032363
10.1 -0.0033431
10.105 -0.0034775
10.11 -0.0036038
10.115 -0.0037105
10.12 -0.0038108
10.125 -0.0039154
10.13 -0.0040234
10.135 -0.004128
10.14 -0.0042263
10.145 -0.0043093
10.15 -0.0043688
10.155 -0.0044185
10.16 -0.0044684
10.165 -0.0044613
10.17 -0.0043957
10.175 -0.0042965
10.18 -0.0041386
10.185 -0.0038708
10.19 -0.0034143
10.195 -0.0028817
10.2 -0.0024188
10.205 -0.0020182
10.21 -0.0016242
10.215 -0.0013138
10.22 -0.0011477
10.225 -0.0010222
10.23 -0.00085855
10.235 -0.00074666
10.24 -0.0007673
10.245 -0.00089171
10.25 -0.0010658
10.255 -0.0013111
10.26 -0.0016081
10.265 -0.0018977
10.27 -0.0022121
10.275 -0.0025601
10.28 -0.002897
10.285 -0.0031326
10.29 -0.0032548
10.295 -0.0033037
10.3 -0.0033182
10.305 -0.003268
10.31 -0.0031597
10.315 -0.0030387
10.32 -0.0029374
10.325 -0.0028449
10.33 -0.002725
10.335 -0.002569
10.34 -0.0023894
10.345 -0.0021686
10.35 -0.0019027
10.355 -0.0016133
10.36 -0.0013312
10.365 -0.001057
10.37 -0.00077715
10.375 -0.00048702
10.38 -0.00023748
10.385 -4.2166e-005
10.39 0.00010402
10.395 0.0002524
10.4 0.00047588
10.405 0.00074625
10.41 0.00099546
10.415 0.0012067
10.42 0.0014102
10.425 0.0017005
10.43 0.0020718
10.435 0.0024582
10.44 0.0028293
10.445 0.0032027
10.45 0.0036808
10.455 0.0042506
10.46 0.0047247
10.465 0.0050604
10.47 0.0053107
10.475 0.0055264
10.48 0.0057069
10.485 0.0058461
10.49 0.0059624
10.495 0.0061103
10.5 0.0062971
10.505 0.0065047
10.51 0.0066787
10.515 0.0067716
10.52 0.0068045
10.525 0.0068147
10.53 0.0067482
10.535 0.0066137
10.54 0.00645
10.545 0.0062679
10.55 0.0060758
10.555 0.0058983
10.56 0.005749
10.565 0.0056369
10.57 0.0055466
10.575 0.0054507
10.58 0.0053295
10.585 0.0051787
10.59 0.0049885
10.595 0.0047715
10.6 0.0045476
10.605 0.0043454
10.61 0.0041776
10.615 0.0040404
10.62 0.0039017
10.625 0.0037235
10.63 0.0034434
10.635 0.003101
10.64 0.0028245
10.645 0.0026481
10.65 0.0025381
10.655 0.0024807
10.66 0.0024632
10.665 0.0024898
10.67 0.002573
10.675 0.0027215
10.68 0.0029126
10.685 0.0031024
10.69 0.0032223
10.695 0.0032867
10.7 0.0033562
10.705 0.0034242
10.71 0.003466
10.715 0.0034582
10.72 0.003425
10.725 0.003407
10.73 0.0034052
10.735 0.0033908
10.74 0.0033452
10.745 0.0032716
10.75 0.0031781
10.755 0.0030691
10.76 0.0029461
10.765 0.0028048
10.77 0.0026542
10.775 0.0025152
10.78 0.0023937
10.785 0.0022775
10.79 0.0021794
10.795 0.0021091
10.8 0.0020994
10.805 0.0021188
10.81 0.0021189
10.815 0.0021251
10.82 0.0021853
10.825 0.0022165
10.83 0.0021673
10.835 0.0020367
10.84 0.0018417
10.845 0.0015879
10.85 0.0013167
10.855 0.0010727
10.86 0.00087454
10.865 0.00070606
10.87 0.00054697
10.875 0.0004126
10.88 0.00030247
10.885 0.00020399
10.89 9.2348e-005
10.895 -4.9347e-005
10.9 -0.00019582
10.905 -0.00032771
10.91 -0.00048779
10.915 -0.00067671
10.92 -0.00085572
10.925 -0.0010278
10.93 -0.0012106
10.935 -0.001449
10.94 -0.0017099
10.945 -0.001923
10.95 -0.002052
10.955 -0.002132
10.96 -0.0021776
10.965 -0.0021934
10.97 -0.0021843
10.975 -0.0021206
10.98 -0.001997
10.985 -0.00182
10.99 -0.0016258
10.995 -0.0014293
11 -0.001258
11.005 -0.0011249
11.01 -0.00096895
11.015 -0.00076871
11.02 -0.00056586
11.025 -0.00041424
11.03 -0.00033848
11.035 -0.00033607
11.04 -0.00036163
11.045 -0.00039897
11.05 -0.00047393
11.055 -0.00061023
11.06 -0.00074662
11.065 -0.00083132
11.07 -0.00087818
11.075 -0.00091964
11.08 -0.00096628
11.085 -0.00099953
11.09 -0.0010066
11.095 -0.00097213
11.1 -0.00090764
11.105 -0.00082826
11.11 -0.00073305
11.115 -0.00063031
11.12 -0.00054103
11.125 -0.00045785
11.13 -0.00036406
11.135 -0.00032036
11.14 -0.00034449
11.145 -0.00041863
11.15 -0.00049117
11.155 -0.00051996
11.16 -0.0005259
11.165 -0.00054111
11.17 -0.00057479
11.175 -0.00061417
11.18 -0.00065141
11.185 -0.0006899
11.19 -0.00073286
11.195 -0.00077797
11.2 -0.00081176
11.205 -0.00081495
11.21 -0.00075463
11.215 -0.00064667
11.22 -0.00050594
11.225 -0.00036123
11.23 -0.00024404
11.235 -0.00014764
11.24 -5.5955e-005
11.245 1.8081e-005
11.25 4.6638e-005
11.255 2.0516e-005
11.26 -2.604e-005
11.265 -6.4833e-005
11.27 -0.0001869
11.275 -0.00038355
11.28 -0.00056944
11.285 -0.00071312
11.29 -0.00083995
11.295 -0.00098511
11.3 -0.0011335
11.305 -0.0012483
11.31 -0.0013221
11.315 -0.0013769
11.32 -0.0014227
11.325 -0.0014628
11.33 -0.0014998
11.335 -0.001542
11.34 -0.0015914
11.345 -0.0016392
11.35 -0.001682
11.355 -0.0017207
11.36 -0.0017558
11.365 -0.0017885
11.37 -0.0018274
11.375 -0.0018846
11.38 -0.0019591
11.385 -0.0020229
11.39 -0.002086
11.395 -0.0022151
11.4 -0.0024011
11.405 -0.0025828
11.41 -0.0027419
11.415 -0.0029097
11.42 -0.0031485
11.425 -0.0034129
11.43 -0.0036331
11.435 -0.0038256
11.44 -0.0040017
11.445 -0.004136
11.45 -0.0042292
11.455 -0.0042919
11.46 -0.0042875
11.465 -0.004206
11.47 -0.0040602
11.475 -0.0038575
11.48 -0.0036455
11.485 -0.0034813
11.49 -0.0033442
11.495 -0.0031874
11.5 -0.0030761
11.505 -0.0030542
11.51 -0.0031135
11.515 -0.0031728
11.52 -0.0031715
11.525 -0.0031889
11.53 -0.0032858
11.535 -0.0034494
11.54 -0.0036242
11.545 -0.0037751
11.55 -0.0039265
11.555 -0.0040901
11.56 -0.0042371
11.565 -0.0043211
11.57 -0.0043384
11.575 -0.0042763
11.58 -0.0041387
11.585 -0.0038591
11.59 -0.00348
11.595 -0.0031073
11.6 -0.0027012
11.605 -0.0022403
11.61 -0.001783
11.615 -0.0013831
11.62 -0.0010439
11.625 -0.00071112
11.63 -0.00036248
11.635 -0.0001642
11.64 -0.00011716
11.645 -0.00011028
11.65 -7.9044e-005
11.655 -1.6349e-005
11.66 5.6068e-005
11.665 0.00012549
11.67 0.00018101
11.675 0.00022939
11.68 0.00027755
11.685 0.00035113
11.69 0.0004533
11.695 0.00058401
11.7 0.00073968
11.705 0.00092205
11.71 0.0010839
11.715 0.0011992
11.72 0.0012311
11.725 0.0011767
11.73 0.0010531
11.735 0.00090313
11.74 0.00076045
11.745 0.00054152
11.75 0.0002554
11.755 -9.2122e-006
11.76 -0.00020066
11.765 -0.00033634
11.77 -0.00044435
11.775 -0.00052192
11.78 -0.00056931
11.785 -0.00056912
11.79 -0.0005231
11.795 -0.00042021
11.8 -0.0002612
11.805 -5.1622e-005
11.81 0.00012597
11.815 0.00021834
11.82 0.00022387
11.825 0.00016476
11.83 4.0494e-005
11.835 -0.00016588
11.84 -0.00041769
11.845 -0.0006747
11.85 -0.00090124
11.855 -0.001097
11.86 -0.0013454
11.865 -0.0016586
11.87 -0.001958
11.875 -0.0021719
11.88 -0.0023007
11.885 -0.0023233
11.89 -0.0022549
11.895 -0.0021189
11.9 -0.0018953
11.905 -0.0015894
11.91 -0.001205
11.915 -0.0007976
11.92 -0.00040508
11.925 -2.771e-005
11.93 0.0003417
11.935 0.00070064
11.94 0.0010433
11.945 0.0013396
11.95 0.0015801
11.955 0.0017776
11.96 0.0019551
11.965 0.0021237
11.97 0.0022199
11.975 0.0022654
11.98 0.0023452
11.985 0.0024804
11.99 0.002629
11.995 0.0027004
12 0.0026951
12.005 0.0026918
12.01 0.0027234
12.015 0.0027686
12.02 0.0028007
12.025 0.0028096
12.03 0.0027174
12.035 0.0025579
12.04 0.0024267
12.045 0.0023362
12.05 0.0022512
12.055 0.0021466
12.06 0.0020317
12.065 0.0019207
12.07 0.0018182
12.075 0.0017217
12.08 0.0016712
12.085 0.001674
12.09 0.001772
12.095 0.0019317
12.1 0.0020835
12.105 0.0022185
12.11 0.0023513
12.115 0.0024668
12.12 0.002562
12.125 0.0026484
12.13 0.0026725
12.135 0.0026079
12.14 0.0024618
12.145 0.0023084
12.15 0.0022051
12.155 0.0021292
12.16 0.0020407
12.165 0.0019222
12.17 0.0017837
12.175 0.0016348
12.18 0.0014478
12.185 0.0012301
12.19 0.0010333
12.195 0.00085331
12.2 0.00065341
12.205 0.00049272
12.21 0.00040353
12.215 0.00035339
12.22 0.00033144
12.225 0.00033766
12.23 0.00035779
12.235 0.00038636
12.24 0.00045094
12.245 0.00053823
12.25 0.00061384
12.255 0.00065958
12.26 0.00068313
12.265 0.00069233
12.27 0.00068384
12.275 0.00065714
12.28 0.00059315
12.285 0.00050274
12.29 0.00041991
12.295 0.00033071
12.3 0.00021084
12.305 6.1772e-005
12.31 -9.6686e-005
12.315 -0.00025224
12.32 -0.000397
12.325 -0.00053084
12.33 -0.0006766
12.335 -0.0008136
12.34 -0.00090181
12.345 -0.00096698
12.35 -0.0010486
12.355 -0.0011365
12.36 -0.0012341
12.365 -0.0013642
12.37 -0.0015047
12.375 -0.00163
12.38 -0.0017479
12.385 -0.0018281
12.39 -0.001852
12.395 -0.001858
12.4 -0.0018646
12.405 -0.0018267
12.41 -0.0017271
12.415 -0.001595
12.42 -0.0014169
12.425 -0.0012158
12.43 -0.0010704
12.435 -0.00098499
12.44 -0.00091836
12.445 -0.00087174
12.45 -0.00085857
12.455 -0.00089746
12.46 -0.000962
12.465 -0.0010151
12.47 -0.001063
12.475 -0.0010991
12.48 -0.0010655
12.485 -0.00096245
12.49 -0.00084177
12.495 -0.00070996
12.5 -0.00057233
12.505 -0.00045198
12.51 -0.00028434
12.515 -2.4998e-005
12.52 0.0002359
12.525 0.0004244
12.53 0.00053083
12.535 0.00059807
12.54 0.00064898
12.545 0.00067389
12.55 0.00067867
12.555 0.00068366
12.56 0.00069436
12.565 0.00070241
12.57 0.00067878
12.575 0.00061674
12.58 0.00051803
12.585 0.00039425
12.59 0.00025409
12.595 0.00013191
12.6 3.5763e-005
12.605 -6.9927e-005
12.61 -0.00017143
12.615 -0.00024068
12.62 -0.00027676
12.625 -0.00029269
12.63 -0.00028747
12.635 -0.000329
12.64 -0.00045632
12.645 -0.00058404
12.65 -0.00066691
12.655 -0.00074626
12.66 -0.00084983
12.665 -0.00096522
12.67 -0.0010939
12.675 -0.0012118
12.68 -0.0012877
12.685 -0.0013226
12.69 -0.0013349
12.695 -0.0012953
12.7 -0.0012115
12.705 -0.0011168
12.71 -0.0010203
12.715 -0.00091986
12.72 -0.00082656
12.725 -0.00075882
12.73 -0.000726
12.735 -0.00072267
12.74 -0.00073435
12.745 -0.0007661
12.75 -0.00083939
12.755 -0.00097519
12.76 -0.0011485
12.765 -0.0013109
12.77 -0.0014373
12.775 -0.0015275
12.78 -0.001581
12.785 -0.0015757
12.79 -0.0015236
12.795 -0.0014435
12.8 -0.0013397
12.805 -0.0012187
12.81 -0.0010977
12.815 -0.00098537
12.82 -0.00087113
12.825 -0.0007254
12.83 -0.00052657
12.835 -0.00032938
12.84 -0.00017696
12.845 -7.964e-005
12.85 -1.8003e-005
12.855 2.3869e-005
12.86 3.5903e-005
12.865 2.3355e-005
12.87 -4.2754e-005
12.875 -0.00014846
12.88 -0.00025418
12.885 -0.00034637
12.89 -0.00042418
12.895 -0.00047872
12.9 -0.00050645
12.905 -0.0005075
12.91 -0.00046697
12.915 -0.00038667
12.92 -0.00025466
12.925 -6.8506e-005
12.93 0.00016871
12.935 0.00040859
12.94 0.0006091
12.945 0.000771
12.95 0.00092843
12.955 0.0011013
12.96 0.0012241
12.965 0.0012805
12.97 0.0013128
12.975 0.0013386
12.98 0.0013407
12.985 0.001321
12.99 0.0013005
12.995 0.0012841
13 0.0012452
13.005 0.0011602
13.01 0.0011097
13.015 0.001136
13.02 0.0012447
13.025 0.0013774
13.03 0.0014743
13.035 0.0015593
13.04 0.0016621
13.045 0.0017856
13.05 0.0018887
13.055 0.001939
13.06 0.0019784
13.065 0.0020514
13.07 0.0021334
13.075 0.0021857
13.08 0.0021781
13.085 0.0021638
13.09 0.0021968
13.095 0.0022766
13.1 0.0023648
13.105 0.002448
13.11 0.0025428
13.115 0.0026557
13.12 0.002771
13.125 0.0028696
13.13 0.0029342
13.135 0.0029509
13.14 0.0029099
13.145 0.0028476
13.15 0.0028049
13.155 0.0027853
13.16 0.0027793
13.165 0.0027859
13.17 0.0028063
13.175 0.0028317
13.18 0.002861
13.185 0.0029014
13.19 0.0029589
13.195 0.0030145
13.2 0.0030541
13.205 0.0030755
13.21 0.0030862
13.215 0.0030926
13.22 0.0030959
13.225 0.0030965
13.23 0.00309
13.235 0.0030831
13.24 0.0030914
13.245 0.0031062
13.25 0.0031117
13.255 0.003113
13.26 0.0031191
13.265 0.0031325
13.27 0.0031234
13.275 0.0030768
13.28 0.0030232
13.285 0.0029903
13.29 0.0029816
13.295 0.0029741
13.3 0.0029512
13.305 0.0029285
13.31 0.0029145
13.315 0.0028954
13.32 0.0028532
13.325 0.002779
13.33 0.0026705
13.335 0.0025375
13.34 0.0023714
13.345 0.0021691
13.35 0.0019341
13.355 0.001697
13.36 0.0014792
13.365 0.001269
13.37 0.0010824
13.375 0.00093346
13.38 0.0008147
13.385 0.00071359
13.39 0.0006421
13.395 0.00060376
13.4 0.00058263
13.405 0.00057306
13.41 0.00057717
13.415 0.00060398
13.42 0.00061879
13.425 0.00059282
13.43 0.00054183
13.435 0.00048088
13.44 0.00038579
13.445 0.00023691
13.45 4.8258e-005
13.455 -0.00021075
13.46 -0.00053863
13.465 -0.00091417
13.47 -0.0012858
13.475 -0.0016223
13.48 -0.0019675
13.485 -0.0023121
13.49 -0.0026062
13.495 -0.0028789
13.5 -0.003148
13.505 -0.0033392
13.51 -0.0034486
13.515 -0.0035231
13.52 -0.0035678
13.525 -0.0035882
13.53 -0.0035964
13.535 -0.003595
13.54 -0.003584
13.545 -0.0035757
13.55 -0.0035848
13.555 -0.0036312
13.56 -0.0037151
13.565 -0.0038133
13.57 -0.0038929
13.575 -0.0039635
13.58 -0.0040828
13.585 -0.0042335
13.59 -0.004363
13.595 -0.0044615
13.6 -0.0045498
13.605 -0.0046434
13.61 -0.0047371
13.615 -0.0048172
13.62 -0.0048255
13.625 -0.0047707
13.63 -0.0047032
13.635 -0.0046487
13.64 -0.0046036
13.645 -0.0045322
13.65 -0.0044044
13.655 -0.0042146
13.66 -0.0040407
13.665 -0.0039192
13.67 -0.0037574
13.675 -0.0035445
13.68 -0.0033497
13.685 -0.003179
13.69 -0.0029779
13.695 -0.0027658
13.7 -0.0025916
13.705 -0.0024524
13.71 -0.0023282
13.715 -0.0022273
13.72 -0.0021444
13.725 -0.002062
13.73 -0.001998
13.735 -0.001952
13.74 -0.0018928
13.745 -0.001822
13.75 -0.0017668
13.755 -0.0017437
13.76 -0.0017435
13.765 -0.001755
13.77 -0.0017593
13.775 -0.0017419
13.78 -0.0016847
13.785 -0.0016083
13.79 -0.0015679
13.795 -0.0015365
13.8 -0.0014544
13.805 -0.0013493
13.81 -0.0012666
13.815 -0.0012
13.82 -0.0011559
13.825 -0.0011563
13.83 -0.0011715
13.835 -0.0011588
13.84 -0.0011032
13.845 -0.0010226
13.85 -0.00093386
13.855 -0.00082558
13.86 -0.00067723
13.865 -0.00049264
13.87 -0.00030176
13.875 -9.6364e-005
13.88 0.00010909
13.885 0.00028708
13.89 0.00045958
13.895 0.0006495
13.9 0.00080574
13.905 0.00092122
13.91 0.0010323
13.915 0.0011095
13.92 0.001126
13.925 0.001124
13.93 0.001127
13.935 0.0010876
13.94 0.0009901
13.945 0.00087504
13.95 0.00080723
13.955 0.00075956
13.96 0.00062542
13.965 0.00044753
13.97 0.00032431
13.975 0.00030473
13.98 0.00032631
13.985 0.00031473
13.99 0.00028439
13.995 0.00027345
14 0.00029145
14.005 0.00033391
14.01 0.00040754
14.015 0.00052225
14.02 0.00066883
14.025 0.00080194
14.03 0.00088989
14.035 0.00090362
14.04 0.00088077
14.045 0.00087733
14.05 0.000913
14.055 0.00096352
14.06 0.0010039
14.065 0.0010401
14.07 0.0010832
14.075 0.0011368
14.08 0.0011918
14.085 0.0012384
14.09 0.0012781
14.095 0.0013193
14.1 0.0013713
14.105 0.0014293
14.11 0.0014763
14.115 0.0015128
14.12 0.001549
14.125 0.0015891
14.13 0.0016299
14.135 0.0016674
14.14 0.0016848
14.145 0.0016419
14.15 0.0015753
14.155 0.0015522
14.16 0.0016022
14.165 0.0016899
14.17 0.0017687
14.175 0.0018515
14.18 0.0019719
14.185 0.0020918
14.19 0.0021742
14.195 0.0022318
14.2 0.0022737
14.205 0.0022936
14.21 0.0022831
14.215 0.002255
14.22 0.0021764
14.225 0.0020691
14.23 0.0019821
14.235 0.0019013
14.24 0.0018039
14.245 0.001711
14.25 0.0016281
14.255 0.0015402
14.26 0.0014527
14.265 0.0013699
14.27 0.0012403
14.275 0.0010752
14.28 0.00092463
14.285 0.00077362
14.29 0.00060084
14.295 0.00041279
14.3 0.00019383
14.305 -8.3077e-005
14.31 -0.0003723
14.315 -0.00061151
14.32 -0.00076945
14.325 -0.00084857
14.33 -0.00087976
14.335 -0.00082817
14.34 -0.00070793
14.345 -0.00052454
14.35 -0.00031139
14.355 -0.00011527
14.36 5.3396e-005
14.365 0.00019827
14.37 0.00030652
14.375 0.00037688
14.38 0.00041268
14.385 0.00036341
14.39 0.00023831
14.395 8.1517e-005
14.4 -8.7221e-005
14.405 -0.00028029
14.41 -0.0004885
14.415 -0.00068238
14.42 -0.00084101
14.425 -0.00097575
14.43 -0.0011056
14.435 -0.0011865
14.44 -0.0012164
14.445 -0.0012132
14.45 -0.0011847
14.455 -0.001143
14.46 -0.0011026
14.465 -0.001074
14.47 -0.0010641
14.475 -0.0010773
14.48 -0.0011091
14.485 -0.0011924
14.49 -0.001316
14.495 -0.0014606
14.5 -0.0016224
14.505 -0.0017921
14.51 -0.0019362
14.515 -0.0020098
14.52 -0.0019903
14.525 -0.0019339
14.53 -0.0019025
14.535 -0.0018798
14.54 -0.0018385
14.545 -0.0017714
14.55 -0.001649
14.555 -0.0014684
14.56 -0.0013093
14.565 -0.0012013
14.57 -0.0011111
14.575 -0.001027
14.58 -0.00096199
14.585 -0.00094434
14.59 -0.00094201
14.595 -0.00088309
14.6 -0.0007749
14.605 -0.00067074
14.61 -0.00062784
14.615 -0.00060984
14.62 -0.00052428
14.625 -0.00037501
14.63 -0.00022425
14.635 -9.9117e-005
14.64 1.0437e-006
14.645 6.4642e-005
14.65 0.0001408
14.655 0.0002918
14.66 0.00048255
14.665 0.00065217
14.67 0.0007791
14.675 0.00089368
14.68 0.0010254
14.685 0.0011645
14.69 0.0012908
14.695 0.0013865
14.7 0.0014586
14.705 0.0015237
14.71 0.0015763
14.715 0.0016115
14.72 0.0016299
14.725 0.0016351
14.73 0.0016074
14.735 0.0015511
14.74 0.0014905
14.745 0.0014507
14.75 0.0014348
14.755 0.0014474
14.76 0.0014699
14.765 0.0014808
14.77 0.0014893
14.775 0.0015033
14.78 0.0015148
14.785 0.001511
14.79 0.0014918
14.795 0.0014679
14.8 0.0014444
14.805 0.0014111
14.81 0.0013328
14.815 0.001206
14.82 0.0010882
14.825 0.00099906
14.83 0.00089308
14.835 0.00078144
14.84 0.00069995
14.845 0.00064198
14.85 0.00058896
14.855 0.00054599
14.86 0.0005058
14.865 0.00045758
14.87 0.00042231
14.875 0.00040086
14.88 0.0003689
14.885 0.00032299
14.89 0.00027458
14.895 0.00021774
14.9 0.00015449
14.905 0.00010677
14.91 7.199e-005
14.915 3.3487e-005
14.92 -1.9513e-005
14.925 -8.7261e-005
14.93 -0.00017418
14.935 -0.00025169
14.94 -0.00029783
14.945 -0.00033737
14.95 -0.00038463
14.955 -0.00041954
14.96 -0.00043897
14.965 -0.00045677
14.97 -0.00046779
14.975 -0.00047068
14.98 -0.00046881
14.985 -0.0004547
14.99 -0.00042722
14.995 -0.00041244
15 -0.00041181
15.005 -0.00038737
15.01 -0.0003265
15.015 -0.00024842
15.02 -0.00015855
15.025 -7.5741e-005
15.03 -5.142e-005
15.035 -7.0285e-005
15.04 -8.3507e-005
15.045 -8.86e-005
15.05 -9.785e-005
15.055 -0.00010439
15.06 -9.1891e-005
15.065 -5.8927e-005
15.07 -1.0106e-005
15.075 4.2425e-005
15.08 8.5023e-005
15.085 0.0001243
15.09 0.00016833
15.095 0.00019141
15.1 0.00019307
15.105 0.00021182
15.11 0.00023861
15.115 0.00024905
15.12 0.00027916
15.125 0.00033792
15.13 0.00037241
15.135 0.00035356
15.14 0.00028868
15.145 0.00022573
15.15 0.00021066
15.155 0.00027969
15.16 0.00038207
15.165 0.00045299
15.17 0.00050025
15.175 0.00055206
15.18 0.00061365
15.185 0.00067619
15.19 0.00073422
15.195 0.00076707
15.2 0.00077817
15.205 0.00079033
15.21 0.00079575
15.215 0.00076939
15.22 0.00073331
15.225 0.00071226
15.23 0.0006979
15.235 0.00068873
15.24 0.00069945
15.245 0.00074788
15.25 0.00081727
15.255 0.0008639
15.26 0.0008819
15.265 0.00089074
15.27 0.00089363
15.275 0.00089185
15.28 0.00090813
15.285 0.00095069
15.29 0.0010115
15.295 0.0010663
15.3 0.0011041
15.305 0.0011277
15.31 0.0011428
15.315 0.0011499
15.32 0.0011481
15.325 0.0011389
15.33 0.0010918
15.335 0.0010287
15.34 0.00099681
15.345 0.00096596
15.35 0.00090262
15.355 0.00077934
15.36 0.00060719
15.365 0.00041093
15.37 0.00023089
15.375 8.5393e-005
15.38 -3.9401e-005
15.385 -0.00015909
15.39 -0.00027343
15.395 -0.0003522
15.4 -0.00038932
15.405 -0.00038965
15.41 -0.00037011
15.415 -0.00034838
15.42 -0.0003288
15.425 -0.00030961
15.43 -0.00029003
15.435 -0.00027809
15.44 -0.00028479
15.445 -0.00032867
15.45 -0.00039766
15.455 -0.00046402
15.46 -0.00051019
15.465 -0.00054043
15.47 -0.00057128
15.475 -0.00061243
15.48 -0.0006654
15.485 -0.00071505
15.49 -0.00075091
15.495 -0.00079295
15.5 -0.00086817
15.505 -0.0010057
15.51 -0.0011032
15.515 -0.0010813
15.52 -0.0010097
15.525 -0.00096758
15.53 -0.00095384
15.535 -0.00094618
15.54 -0.00093986
15.545 -0.00092966
15.55 -0.00091643
15.555 -0.00090346
15.56 -0.00089349
15.565 -0.00088489
15.57 -0.00087626
15.575 -0.00086661
15.58 -0.00085797
15.585 -0.00086289
15.59 -0.00088617
15.595 -0.00091436
15.6 -0.00093029
15.605 -0.00091761
15.61 -0.00087967
15.615 -0.00083271
15.62 -0.00078019
15.625 -0.00072054
15.63 -0.00064702
15.635 -0.00059697
15.64 -0.00060171
15.645 -0.00067787
15.65 -0.00077402
15.655 -0.00083096
15.66 -0.00086004
15.665 -0.0008938
15.67 -0.00095518
15.675 -0.001034
15.68 -0.0011118
15.685 -0.001156
15.69 -0.0011737
15.695 -0.0012282
15.7 -0.001316
15.705 -0.0013847
15.71 -0.0014305
15.715 -0.0014756
15.72 -0.0015275
15.725 -0.0015769
15.73 -0.0016061
15.735 -0.0016227
15.74 -0.0016493
15.745 -0.0017031
15.75 -0.0017744
15.755 -0.0018406
15.76 -0.0018922
15.765 -0.0019276
15.77 -0.0019325
15.775 -0.0019191
15.78 -0.0019293
15.785 -0.0019499
15.79 -0.0019428
15.795 -0.0019121
15.8 -0.0018781
15.805 -0.001831
15.81 -0.0017737
15.815 -0.0017193
15.82 -0.0016705
15.825 -0.0016222
15.83 -0.0015717
15.835 -0.0015186
15.84 -0.0014619
15.845 -0.0013939
15.85 -0.0013102
15.855 -0.0012464
15.86 -0.0012172
15.865 -0.0011977
15.87 -0.0011735
15.875 -0.0011468
15.88 -0.0010914
15.885 -0.0010074
15.89 -0.00093274
15.895 -0.00086233
15.9 -0.00076782
15.905 -0.00067959
15.91 -0.00062891
15.915 -0.00060878
15.92 -0.00059875
15.925 -0.00058669
15.93 -0.00056603
15.935 -0.0005291
15.94 -0.00046938
15.945 -0.0004031
15.95 -0.00035207
15.955 -0.00028506
15.96 -0.00019238
15.965 -9.8827e-005
15.97 -6.2519e-006
15.975 0.0001076
15.98 0.00021286
15.985 0.0002855
15.99 0.00032783
15.995 0.00034343
16 0.00032157
16.005 0.00027853
16.01 0.00025252
16.015 0.00028559
16.02 0.00036169
16.025 0.00044822
16.03 0.0005242
16.035 0.00058999
16.04 0.00066015
16.045 0.00074212
16.05 0.00082892
16.055 0.00088536
16.06 0.0009092
16.065 0.00094997
16.07 0.00099688
16.075 0.0010002
16.08 0.00095001
16.085 0.00088248
16.09 0.00079621
16.095 0.00068874
16.1 0.000569
16.105 0.00045793
16.11 0.00036664
16.115 0.00029619
16.12 0.00025055
16.125 0.00024177
16.13 0.00027928
16.135 0.00032817
16.14 0.00032765
16.145 0.00029367
16.15 0.00027879
16.155 0.00032271
16.16 0.00040316
16.165 0.00047123
16.17 0.00051561
16.175 0.0005534
16.18 0.00058917
16.185 0.00061856
16.19 0.00061804
16.195 0.00058984
16.2 0.00055358
16.205 0.00051406
16.21 0.00047593
16.215 0.00044942
16.22 0.00042926
16.225 0.00040428
16.23 0.00038741
16.235 0.00039421
16.24 0.00044057
16.245 0.00051178
16.25 0.00059023
16.255 0.00070451
16.26 0.00085057
16.265 0.00097304
16.27 0.001094
16.275 0.0012766
16.28 0.0014572
16.285 0.0015825
16.29 0.0017091
16.295 0.0018424
16.3 0.0019307
16.305 0.0020091
16.31 0.0021251
16.315 0.0022313
16.32 0.0023002
16.325 0.0023587
16.33 0.002436
16.335 0.0025295
16.34 0.0025692
16.345 0.0025649
16.35 0.0025904
16.355 0.0026372
16.36 0.0026583
16.365 0.0026338
16.37 0.0025822
16.375 0.0025204
16.38 0.0024406
16.385 0.0023383
16.39 0.0022061
16.395 0.0020606
16.4 0.0019327
16.405 0.001835
16.41 0.0017565
16.415 0.0017018
16.42 0.0016637
16.425 0.0016374
16.43 0.0016161
16.435 0.0015938
16.44 0.0015922
16.445 0.0016029
16.45 0.0015882
16.455 0.0015401
16.46 0.0014777
16.465 0.0014056
16.47 0.001319
16.475 0.0012097
16.48 0.0010965
16.485 0.0010004
16.49 0.00090447
16.495 0.00078991
16.5 0.00064429
16.505 0.0005325
16.51 0.00049861
16.515 0.00050025
16.52 0.0004856
16.525 0.00045126
16.53 0.00041599
16.535 0.00039216
16.54 0.00041539
16.545 0.00045923
16.55 0.00047252
16.555 0.00050054
16.56 0.00058584
16.565 0.00067317
16.57 0.00073343
16.575 0.00081022
16.58 0.00089403
16.585 0.0009515
16.59 0.00098452
16.595 0.0010117
16.6 0.001029
16.605 0.0010326
16.61 0.0010221
16.615 0.00094931
16.62 0.00084006
16.625 0.00076755
16.63 0.00067047
16.635 0.00048124
16.64 0.00020857
16.645 -8.0999e-005
16.65 -0.00035086
16.655 -0.00059055
16.66 -0.00080469
16.665 -0.00099271
16.67 -0.0011614
16.675 -0.0013188
16.68 -0.0014747
16.685 -0.0016243
16.69 -0.0017309
16.695 -0.0017598
16.7 -0.0017266
16.705 -0.0016829
16.71 -0.0016444
16.715 -0.0015618
16.72 -0.0014412
16.725 -0.0013305
16.73 -0.0012631
16.735 -0.0012322
16.74 -0.0012237
16.745 -0.0012298
16.75 -0.0012435
16.755 -0.001274
16.76 -0.0013141
16.765 -0.0013497
16.77 -0.0013697
16.775 -0.0013767
16.78 -0.001389
16.785 -0.0014147
16.79 -0.0014462
16.795 -0.0014706
16.8 -0.0014828
16.805 -0.001482
16.81 -0.0014784
16.815 -0.0014829
16.82 -0.0014929
16.825 -0.0015034
16.83 -0.0015219
16.835 -0.0015639
16.84 -0.0016391
16.845 -0.0017394
16.85 -0.0018474
16.855 -0.0019601
16.86 -0.0020846
16.865 -0.0022289
16.87 -0.0023704
16.875 -0.0024798
16.88 -0.0025304
16.885 -0.0025535
16.89 -0.0025884
16.895 -0.0025942
16.9 -0.0025568
16.905 -0.0025183
16.91 -0.0024724
16.915 -0.0023952
16.92 -0.0023054
16.925 -0.0022305
16.93 -0.0021817
16.935 -0.0021556
16.94 -0.0021431
16.945 -0.0021593
16.95 -0.0022085
16.955 -0.0022844
16.96 -0.0023556
16.965 -0.0024046
16.97 -0.0024854
16.975 -0.0025866
16.98 -0.0026466
16.985 -0.0026585
16.99 -0.0026535
16.995 -0.0026345
17 -0.0026005
17.005 -0.0025502
17.01 -0.002427
17.015 -0.0022388
17.02 -0.0020476
17.025 -0.0018841
17.03 -0.0017403
17.035 -0.0016086
17.04 -0.0014886
17.045 -0.0013607
17.05 -0.0012236
17.055 -0.0010922
17.06 -0.00097616
17.065 -0.00087401
17.07 -0.0008018
17.075 -0.00074113
17.08 -0.00065179
17.085 -0.00055771
17.09 -0.0004899
17.095 -0.00039208
17.1 -0.00024824
17.105 -8.7808e-005
17.11 8.0178e-005
17.115 0.00025649
17.12 0.00044264
17.125 0.00064487
17.13 0.00088643
17.135 0.0010785
17.14 0.0011554
17.145 0.0011808
17.15 0.0012219
17.155 0.001273
17.16 0.0013279
17.165 0.0014028
17.17 0.0014443
17.175 0.0014317
17.18 0.0014063
17.185 0.0014086
17.19 0.0014439
17.195 0.0014789
17.2 0.0014989
17.205 0.0015302
17.21 0.0015896
17.215 0.0016731
17.22 0.0017583
17.225 0.0018274
17.23 0.0018779
17.235 0.0019201
17.24 0.0019587
17.245 0.001967
17.25 0.0019433
17.255 0.0018988
17.26 0.0018402
17.265 0.0017655
17.27 0.0016589
17.275 0.0015296
17.28 0.001395
17.285 0.0012648
17.29 0.0011353
17.295 0.00099241
17.3 0.00084539
17.305 0.00073298
17.31 0.00066344
17.315 0.00061203
17.32 0.00055262
17.325 0.00048012
17.33 0.00040047
17.335 0.000337
17.34 0.0002992
17.345 0.00026758
17.35 0.00023666
17.355 0.00023734
17.36 0.00027476
17.365 0.00032507
17.37 0.00037729
17.375 0.00042092
17.38 0.00043849
17.385 0.00045898
17.39 0.00050953
17.395 0.00056009
17.4 0.00059403
17.405 0.00063311
17.41 0.00069394
17.415 0.00076947
17.42 0.0008404
17.425 0.0008969
17.43 0.00093722
17.435 0.0009846
17.44 0.0010545
17.445 0.0011323
17.45 0.0012065
17.455 0.0012848
17.46 0.0013471
17.465 0.0013793
17.47 0.0014353
17.475 0.0015283
17.48 0.0016057
17.485 0.0016616
17.49 0.0017292
17.495 0.0017887
17.5 0.0018131
17.505 0.0018003
17.51 0.0018132
17.515 0.0019117
17.52 0.0020204
17.525 0.0020677
17.53 0.0020647
17.535 0.0020579
17.54 0.0020653
17.545 0.0020565
17.55 0.0020213
17.555 0.0019807
17.56 0.001949
17.565 0.0019237
17.57 0.0019108
17.575 0.0019095
17.58 0.0019197
17.585 0.001932
17.59 0.001934
17.595 0.0019242
17.6 0.0019088
17.605 0.0018796
17.61 0.00184
17.615 0.0018056
17.62 0.001787
17.625 0.0017795
17.63 0.0017635
17.635 0.0017191
17.64 0.001633
17.645 0.0015176
17.65 0.0013969
17.655 0.0013215
17.66 0.0012801
17.665 0.0012281
17.67 0.0011738
17.675 0.0011396
17.68 0.0011043
17.685 0.0010637
17.69 0.0010375
17.695 0.0010084
17.7 0.00095692
17.705 0.00089981
17.71 0.00083544
17.715 0.0007427
17.72 0.00065033
17.725 0.00058671
17.73 0.00051173
17.735 0.00041243
17.74 0.00031433
17.745 0.00021959
17.75 0.00012067
17.755 5.3702e-005
17.76 9.9194e-006
17.765 -5.1408e-005
17.77 -0.00011644
17.775 -0.00016595
17.78 -0.00022287
17.785 -0.00029044
17.79 -0.00034953
17.795 -0.00041336
17.8 -0.00049117
17.805 -0.00056972
17.81 -0.00066228
17.815 -0.00077166
17.82 -0.00086627
17.825 -0.00093613
17.83 -0.00099434
17.835 -0.0010504
17.84 -0.0010948
17.845 -0.0011282
17.85 -0.0011608
17.855 -0.0011922
17.86 -0.001218
17.865 -0.0012278
17.87 -0.0012245
17.875 -0.0012119
17.88 -0.0012026
17.885 -0.0012048
17.89 -0.0012068
17.895 -0.0011978
17.9 -0.0011747
17.905 -0.0011452
17.91 -0.0011174
17.915 -0.0010832
17.92 -0.0010332
17.925 -0.00095786
17.93 -0.00087844
17.935 -0.00081741
17.94 -0.00076741
17.945 -0.00071533
17.95 -0.00066016
17.955 -0.00059529
17.96 -0.00051227
17.965 -0.00044336
17.97 -0.00039969
17.975 -0.00032225
17.98 -0.00021729
17.985 -0.00013949
17.99 -7.7451e-005
17.995 -7.9356e-007
18 5.5944e-005
18.005 9.713e-005
18.01 0.00016979
18.015 0.00028418
18.02 0.0004101
18.025 0.00045252
18.03 0.00042078
18.035 0.00038154
18.04 0.00034934
18.045 0.00030651
18.05 0.00021305
18.055 9.2361e-005
18.06 -5.9496e-006
18.065 -0.00010519
18.07 -0.00023927
18.075 -0.0003749
18.08 -0.00048763
18.085 -0.00058777
18.09 -0.00066935
18.095 -0.00073463
18.1 -0.00080537
18.105 -0.00087432
18.11 -0.00091759
18.115 -0.00093507
18.12 -0.00094233
18.125 -0.00093917
18.13 -0.00095033
18.135 -0.0010108
18.14 -0.0011372
18.145 -0.0012843
18.15 -0.0013818
18.155 -0.0014323
18.16 -0.0014753
18.165 -0.0015296
18.17 -0.0015889
18.175 -0.0016381
18.18 -0.0016736
18.185 -0.0017017
18.19 -0.0017222
18.195 -0.0017297
18.2 -0.0017106
18.205 -0.0016576
18.21 -0.0015824
18.215 -0.0014897
18.22 -0.0013863
18.225 -0.0012777
18.23 -0.0011793
18.235 -0.0010966
18.24 -0.0010008
18.245 -0.00089327
18.25 -0.00082232
18.255 -0.00078306
18.26 -0.00073819
18.265 -0.00069422
18.27 -0.0006611
18.275 -0.00062399
18.28 -0.00059351
18.285 -0.00059242
18.29 -0.00058683
18.295 -0.00055492
18.3 -0.00052495
18.305 -0.0005155
18.31 -0.00052149
18.315 -0.00052557
18.32 -0.000509
18.325 -0.00044445
18.33 -0.00035737
18.335 -0.00028753
18.34 -0.00023873
18.345 -0.00019761
18.35 -0.00019025
18.355 -0.00020906
18.36 -0.00021915
18.365 -0.000219
18.37 -0.00022502
18.375 -0.00028753
18.38 -0.00039083
18.385 -0.00048346
18.39 -0.00054138
18.395 -0.00057912
18.4 -0.00062152
18.405 -0.00068507
18.41 -0.00077259
18.415 -0.00084213
18.42 -0.00088165
18.425 -0.00092743
18.43 -0.00098013
18.435 -0.0010174
18.44 -0.0010339
18.445 -0.0010441
18.45 -0.0010576
18.455 -0.0010507
18.46 -0.0010115
18.465 -0.00096928
18.47 -0.00094048
18.475 -0.00090728
18.48 -0.00085674
18.485 -0.00079428
18.49 -0.00073289
18.495 -0.0006832
18.5 -0.00065805
18.505 -0.00064092
18.51 -0.00060791
18.515 -0.00052541
18.52 -0.00041828
18.525 -0.00033888
18.53 -0.00030527
18.535 -0.00029884
18.54 -0.00028787
18.545 -0.00026112
18.55 -0.00022217
18.555 -0.00019432
18.56 -0.00018853
18.565 -0.00018944
18.57 -0.00018427
18.575 -0.00017761
18.58 -0.00017146
18.585 -0.00016273
18.59 -0.0001486
18.595 -0.00012836
18.6 -9.9143e-005
18.605 -6.1335e-005
18.61 -2.129e-005
18.615 1.1335e-005
18.62 4.8745e-005
18.625 0.00013251
18.63 0.00023139
18.635 0.00028386
18.64 0.00027485
18.645 0.00024834
18.65 0.0002556
18.655 0.00028899
18.66 0.00031797
18.665 0.00034498
18.67 0.00037943
18.675 0.00041045
18.68 0.00043661
18.685 0.00046712
18.69 0.00050761
18.695 0.00055196
18.7 0.00058656
18.705 0.00061279
18.71 0.00064203
18.715 0.00068456
18.72 0.00073827
18.725 0.00077954
18.73 0.00079134
18.735 0.00077611
18.74 0.00078305
18.745 0.00083495
18.75 0.00086308
18.755 0.00085525
18.76 0.00086126
18.765 0.00088163
18.77 0.00089009
18.775 0.00087893
18.78 0.00085626
18.785 0.00081443
18.79 0.00074335
18.795 0.0006528
18.8 0.00057454
18.805 0.00051543
18.81 0.00045673
18.815 0.00038322
18.82 0.00030038
18.825 0.00025669
18.83 0.00025139
18.835 0.00024653
18.84 0.00022617
18.845 0.00020092
18.85 0.00020654
18.855 0.00022065
18.86 0.00019531
18.865 0.00015469
18.87 0.00013865
18.875 0.00014173
18.88 0.00013954
18.885 0.00012278
18.89 9.7806e-005
18.895 6.8727e-005
18.9 1.4519e-006
18.905 -9.4461e-005
18.91 -0.00018024
18.915 -0.00025521
18.92 -0.00033663
18.925 -0.00046912
18.93 -0.00062807
18.935 -0.00075574
18.94 -0.00083341
18.945 -0.00089084
18.95 -0.000962
18.955 -0.0010254
18.96 -0.0010423
18.965 -0.0010354
18.97 -0.0010372
18.975 -0.0010329
18.98 -0.0010124
18.985 -0.00098202
18.99 -0.00092906
18.995 -0.0008662
19 -0.00084427
19.005 -0.00085061
19.01 -0.00083748
19.015 -0.0007681
19.02 -0.0006594
19.025 -0.00054794
19.03 -0.00047672
19.035 -0.00046961
19.04 -0.00047322
19.045 -0.0004445
19.05 -0.00040119
19.055 -0.00036356
19.06 -0.00032716
19.065 -0.0002868
19.07 -0.00024235
19.075 -0.00017803
19.08 -0.00010633
19.085 -5.2429e-005
19.09 7.1421e-008
19.095 6.875e-005
19.1 0.0001187
19.105 0.00014482
19.11 0.00018321
19.115 0.0002454
19.12 0.00031788
19.125 0.00039044
19.13 0.0004526
19.135 0.00047499
19.14 0.00044563
19.145 0.00038756
19.15 0.00035868
19.155 0.00037147
19.16 0.00039567
19.165 0.00041326
19.17 0.00043373
19.175 0.00047338
19.18 0.0005186
19.185 0.00053092
19.19 0.00051868
19.195 0.00051466
19.2 0.00053176
19.205 0.00055919
19.21 0.00059158
19.215 0.00062236
19.22 0.00064634
19.225 0.00069161
19.23 0.00076307
19.235 0.00083119
19.24 0.00088144
19.245 0.00091913
19.25 0.00093237
19.255 0.00091725
19.26 0.00091538
19.265 0.00093526
19.27 0.00094372
19.275 0.00093279
19.28 0.00091644
19.285 0.00088332
19.29 0.00084226
19.295 0.00082277
19.3 0.00080728
19.305 0.00077102
19.31 0.0007383
19.315 0.0007286
19.32 0.00074283
19.325 0.00076165
19.33 0.00076946
19.335 0.00078083
19.34 0.00080523
19.345 0.00083421
19.35 0.00084011
19.355 0.00080312
19.36 0.00075901
19.365 0.00073799
19.37 0.00072505
19.375 0.0006938
19.38 0.00063385
19.385 0.00056229
19.39 0.00050023
19.395 0.00045599
19.4 0.00042071
19.405 0.00038683
19.41 0.00036341
19.415 0.00035169
19.42 0.00034246
19.425 0.00034384
19.43 0.00037032
19.435 0.00039528
19.44 0.00039919
19.445 0.00040127
19.45 0.00040281
19.455 0.00038754
19.46 0.00037666
19.465 0.00038139
19.47 0.00034051
19.475 0.00026094
19.48 0.00020044
19.485 0.00015879
19.49 0.00010783
19.495 3.7492e-005
19.5 -3.803e-005
19.505 -0.00010191
19.51 -0.00011259
19.515 -7.6497e-005
19.52 -2.8578e-005
19.525 1.4418e-005
19.53 5.4549e-005
19.535 8.0044e-005
19.54 8.4754e-005
19.545 0.00012138
19.55 0.00018604
19.555 0.00023067
19.56 0.00025488
19.565 0.00028477
19.57 0.00033203
19.575 0.00038111
19.58 0.00040869
19.585 0.00043112
19.59 0.0004684
19.595 0.00048894
19.6 0.00049772
19.605 0.00055071
19.61 0.00062263
19.615 0.00066528
19.62 0.00071673
19.625 0.00079688
19.63 0.00087531
19.635 0.00089496
19.64 0.0008459
19.645 0.00079288
19.65 0.00078522
19.655 0.0008373
19.66 0.00089536
19.665 0.00091283
19.67 0.00089022
19.675 0.00085452
19.68 0.00082024
19.685 0.0007898
19.69 0.00076044
19.695 0.00070627
19.7 0.0006219
19.705 0.00051891
19.71 0.00042377
19.715 0.00034813
19.72 0.00026529
19.725 0.00016827
19.73 7.7901e-005
19.735 6.6079e-006
19.74 -5.1775e-005
19.745 -0.00010653
19.75 -0.00016557
19.755 -0.00023453
19.76 -0.00029683
19.765 -0.00033975
19.77 -0.00037513
19.775 -0.00041781
19.78 -0.00047206
19.785 -0.00054678
19.79 -0.00063937
19.795 -0.00070589
19.8 -0.00074415
19.805 -0.00078746
19.81 -0.00083777
19.815 -0.00088284
19.82 -0.00091471
19.825 -0.0009331
19.83 -0.00093796
19.835 -0.00092266
19.84 -0.00088884
19.845 -0.0008367
19.85 -0.00077697
19.855 -0.00072106
19.86 -0.00066411
19.865 -0.00059832
19.87 -0.00048414
19.875 -0.000342
19.88 -0.00022263
19.885 -0.00012524
19.89 -2.5137e-005
19.895 9.0964e-005
19.9 0.00020863
19.905 0.00031149
19.91 0.00041233
19.915 0.00052377
19.92 0.00061658
19.925 0.00068927
19.93 0.00077275
19.935 0.00085973
19.94 0.00092951
19.945 0.00098388
19.95 0.0010299
19.955 0.0010542
19.96 0.001051
19.965 0.0010335
19.97 0.0010194
19.975 0.001002
19.98 0.00094438
19.985 0.00085225
19.99 0.00076134
19.995 0.00068808
20 0.00060288
20.005 0.00043631
20.01 0.00025821
20.015 0.00016017
20.02 0.00013075
20.025 9.7456e-005
20.03 1.1535e-005
20.035 -9.7476e-005
20.04 -0.00018867
20.045 -0.00025658
20.05 -0.00030361
20.055 -0.00032365
20.06 -0.00033934
20.065 -0.00036995
20.07 -0.00039772
20.075 -0.00041349
20.08 -0.00042629
20.085 -0.00043048
20.09 -0.00042498
20.095 -0.00046793
20.1 -0.00055224
20.105 -0.00062357
20.11 -0.00069239
20.115 -0.0007755
20.12 -0.0008393
20.125 -0.00087996
20.13 -0.00092517
20.135 -0.00096961
20.14 -0.0010086
20.145 -0.0010595
20.15 -0.001111
20.155 -0.0011332
20.16 -0.0011084
20.165 -0.0010537
20.17 -0.00098926
20.175 -0.00092126
20.18 -0.00084648
20.185 -0.00075326
20.19 -0.0006483
20.195 -0.00054427
20.2 -0.00045046
20.205 -0.0003664
20.21 -0.00028251
20.215 -0.00019434
20.22 -0.00012
20.225 -6.6466e-005
20.23 -2.8081e-005
20.235 6.7272e-006
20.24 4.1723e-005
20.245 5.0352e-005
20.25 3.8207e-005
20.255 3.4533e-005
20.26 3.5049e-005
20.265 2.6074e-005
20.27 -1.5662e-005
20.275 -6.9415e-005
20.28 -9.8775e-005
20.285 -0.00010159
20.29 -0.0001049
20.295 -0.00013602
20.3 -0.00018252
20.305 -0.00021847
20.31 -0.00023757
20.315 -0.00024916
20.32 -0.00025993
20.325 -0.00026987
20.33 -0.00027859
20.335 -0.00029782
20.34 -0.00033013
20.345 -0.00036364
20.35 -0.00039116
20.355 -0.00041273
20.36 -0.00043441
20.365 -0.00045446
20.37 -0.0004619
20.375 -0.00045995
20.38 -0.00046082
20.385 -0.00046463
20.39 -0.00046634
20.395 -0.00046028
20.4 -0.00043992
20.405 -0.00040902
20.41 -0.00038084
20.415 -0.000377
20.42 -0.00039069
20.425 -0.00039767
20.43 -0.00039512
20.435 -0.00039153
20.44 -0.00040689
20.445 -0.00043961
20.45 -0.00048607
20.455 -0.00053417
20.46 -0.00057368
20.465 -0.0005877
20.47 -0.00058732
20.475 -0.00059177
20.48 -0.00059264
20.485 -0.00057711
20.49 -0.0005548
20.495 -0.0005425
20.5 -0.00054914
20.505 -0.00057133
20.51 -0.00059544
20.515 -0.00055237
20.52 -0.00045141
20.525 -0.00035365
20.53 -0.00028679
20.535 -0.00024103
20.54 -0.00021254
20.545 -0.00019993
20.55 -0.00021662
20.555 -0.00025041
20.56 -0.00027949
20.565 -0.00034096
20.57 -0.00042209
20.575 -0.00047648
20.58 -0.00052601
20.585 -0.00060393
20.59 -0.00068834
20.595 -0.00075803
20.6 -0.00081918
20.605 -0.00086392
20.61 -0.00088747
20.615 -0.00090422
20.62 -0.00091015
20.625 -0.0008806
20.63 -0.00080297
20.635 -0.00069807
20.64 -0.00065497
20.645 -0.00066967
20.65 -0.00066946
20.655 -0.00062578
20.66 -0.00056034
20.665 -0.00050841
20.67 -0.00047145
20.675 -0.00042651
20.68 -0.00038429
20.685 -0.00036196
20.69 -0.00033185
20.695 -0.00029195
20.7 -0.00028213
20.705 -0.00029241
20.71 -0.00028944
20.715 -0.00027122
20.72 -0.00024613
20.725 -0.00020543
20.73 -0.00017399
20.735 -0.00017517
20.74 -0.00019252
20.745 -0.00020808
20.75 -0.00022617
20.755 -0.00022884
20.76 -0.00020255
20.765 -0.00018075
20.77 -0.00017442
20.775 -0.00014948
20.78 -0.00011154
20.785 -9.4024e-005
20.79 -7.7817e-005
20.795 -4.5297e-005
20.8 -1.4458e-005
20.805 1.6689e-005
20.81 6.8123e-005
20.815 0.00012392
20.82 0.00017079
20.825 0.00022838
20.83 0.00029257
20.835 0.00034351
20.84 0.00040215
20.845 0.00047999
20.85 0.00054275
20.855 0.00058925
20.86 0.00064244
20.865 0.00065594
20.87 0.00060305
20.875 0.00058212
20.88 0.00060348
20.885 0.00058674
20.89 0.00053344
20.895 0.00048766
20.9 0.00043871
20.905 0.0003899
20.91 0.00036962
20.915 0.00036504
20.92 0.00035634
20.925 0.00037992
20.93 0.0004308
20.935 0.00046308
20.94 0.0005118
20.945 0.00061087
20.95 0.00069463
20.955 0.00074
20.96 0.00080036
20.965 0.00086464
20.97 0.00089768
20.975 0.00090462
20.98 0.00090206
20.985 0.00087551
20.99 0.00084595
20.995 0.00083417
21 0.00077521
21.005 0.00067341
21.01 0.00064654
21.015 0.00070744
21.02 0.00078718
21.025 0.00081511
21.03 0.0007909
21.035 0.00075747
21.04 0.0007463
21.045 0.00075864
21.05 0.0007631
21.055 0.00074692
21.06 0.00072322
21.065 0.0006918
21.07 0.0006386
21.075 0.00057864
21.08 0.00052613
21.085 0.00046573
21.09 0.00038897
21.095 0.00030512
21.1 0.00023318
21.105 0.00017784
21.11 0.00013361
21.115 8.6028e-005
21.12 3.2234e-005
21.125 1.5179e-005
21.13 2.5788e-005
21.135 -1.7482e-005
21.14 -0.00011593
21.145 -0.00020975
21.15 -0.00023988
21.155 -0.00022188
21.16 -0.00021248
21.165 -0.00021694
21.17 -0.00021274
21.175 -0.00020694
21.18 -0.00021619
21.185 -0.0002479
21.19 -0.00027996
21.195 -0.00029162
21.2 -0.00028744
21.205 -0.00028315
21.21 -0.0002915
21.215 -0.00030604
21.22 -0.00031818
21.225 -0.00033733
21.23 -0.00035733
21.235 -0.00034821
21.24 -0.00031694
21.245 -0.00028903
21.25 -0.00027119
21.255 -0.00024832
21.26 -0.00019696
21.265 -0.00013655
21.27 -9.6417e-005
21.275 -7.5468e-005
21.28 -5.0478e-005
21.285 6.0946e-006
21.29 6.2935e-005
21.295 8.6166e-005
21.3 9.3014e-005
21.305 0.00010647
21.31 0.00012094
21.315 0.00012927
21.32 0.00013376
21.325 0.00013469
21.33 0.00013307
21.335 0.00013121
21.34 0.00012438
21.345 0.00011053
21.35 0.00010242
21.355 0.0001047
21.36 0.00010845
21.365 0.00010808
21.37 0.00010463
21.375 9.8578e-005
21.38 0.00010438
21.385 0.00015915
21.39 0.00022433
21.395 0.00023899
21.4 0.00024141
21.405 0.00027025
21.41 0.00029779
21.415 0.00031163
21.42 0.00032921
21.425 0.00035081
21.43 0.00036085
21.435 0.00033899
21.44 0.00030698
21.445 0.00029836
21.45 0.00031414
21.455 0.00033081
21.46 0.00032711
21.465 0.00031589
21.47 0.00032001
21.475 0.00034452
21.48 0.00037225
21.485 0.00038143
21.49 0.00037395
21.495 0.0003592
21.5 0.00031919
21.505 0.00026704
21.51 0.00026187
21.515 0.00031067
21.52 0.00038305
21.525 0.00043538
21.53 0.00045672
21.535 0.00045349
21.54 0.00043755
21.545 0.00041625
21.55 0.00039463
21.555 0.00037586
21.56 0.00034495
21.565 0.00030319
21.57 0.00026377
21.575 0.00024321
21.58 0.00023738
21.585 0.00022923
21.59 0.00020385
21.595 0.00015834
21.6 0.00012128
21.605 9.8271e-005
21.61 5.1753e-005
21.615 -7.6257e-006
21.62 -3.9104e-005
21.625 -3.6227e-005
21.63 -3.2137e-005
21.635 -6.846e-005
21.64 -0.00015183
21.645 -0.00026842
21.65 -0.00036837
21.655 -0.00043178
21.66 -0.00048634
21.665 -0.00053416
21.67 -0.00056596
21.675 -0.00060064
21.68 -0.00064586
21.685 -0.00068559
21.69 -0.00071555
21.695 -0.00074063
21.7 -0.00075062
21.705 -0.00074669
21.71 -0.00073791
21.715 -0.00072653
21.72 -0.0007109
21.725 -0.00066106
21.73 -0.00058635
21.735 -0.00051493
21.74 -0.00044222
21.745 -0.00035476
21.75 -0.00025281
21.755 -0.00015178
21.76 -6.5229e-005
21.765 2.0342e-005
21.77 0.00011845
21.775 0.0002204
21.78 0.00030937
21.785 0.00037153
21.79 0.0004256
21.795 0.00049464
21.8 0.00054847
21.805 0.00057124
21.81 0.00058302
21.815 0.00059436
21.82 0.00059655
21.825 0.00059025
21.83 0.00057545
21.835 0.00053199
21.84 0.000474
21.845 0.00043054
21.85 0.00040037
21.855 0.00036978
21.86 0.00033436
21.865 0.00029943
21.87 0.00026978
21.875 0.00025224
21.88 0.00024271
21.885 0.0002319
21.89 0.00021749
21.895 0.00020131
21.9 0.00016561
21.905 0.00011753
21.91 9.5054e-005
21.915 8.5435e-005
21.92 5.757e-005
21.925 2.528e-005
21.93 5.9339e-006
21.935 -4.7639e-006
21.94 -1.3802e-005
21.945 -2.2705e-005
21.95 -4.0316e-005
21.955 -6.2172e-005
21.96 -6.8633e-005
21.965 -6.744e-005
21.97 -7.628e-005
21.975 -8.5499e-005
21.98 -8.4544e-005
21.985 -7.3755e-005
21.99 -5.8778e-005
21.995 -4.7376e-005
22 -8.0595e-005
22.005 -0.00014331
22.01 -0.00018059
22.015 -0.00016109
22.02 -9.9051e-005
22.025 -3.1852e-005
22.03 1.5974e-005
22.035 3.0809e-005
22.04 3.9936e-005
22.045 6.6974e-005
22.05 8.3468e-005
22.055 8.8104e-005
22.06 0.00013948
22.065 0.00021792
22.07 0.00026791
22.075 0.00027853
22.08 0.00027914
22.085 0.00030059
22.09 0.00033371
22.095 0.00035589
22.1 0.00036511
22.105 0.00037423
22.11 0.00038997
22.115 0.00039861
22.12 0.00038582
22.125 0.0003931
22.13 0.00043504
22.135 0.000454
22.14 0.00042325
22.145 0.00036204
22.15 0.00030516
22.155 0.00026605
22.16 0.00022462
22.165 0.00016968
22.17 0.0001091
22.175 5.3071e-005
22.18 4.1933e-006
22.185 -3.4707e-005
22.19 -6.3249e-005
22.195 -8.768e-005
22.2 -0.00013867
22.205 -0.00020557
22.21 -0.00024597
22.215 -0.00026825
22.22 -0.0002994
22.225 -0.00031709
22.23 -0.00031648
22.235 -0.00031965
22.24 -0.00031326
22.245 -0.00028334
22.25 -0.000264
22.255 -0.00025389
22.26 -0.00019759
22.265 -0.00012521
22.27 -8.7428e-005
22.275 -3.1314e-005
22.28 6.5065e-005
22.285 0.00013779
22.29 0.0001662
22.295 0.00018082
22.3 0.00018186
22.305 0.00016504
22.31 0.00013871
22.315 0.00010987
22.32 7.8614e-005
22.325 4.0753e-005
22.33 9.6492e-007
22.335 -3.0761e-005
22.34 -5.6643e-005
22.345 -8.5186e-005
22.35 -0.00010861
22.355 -0.0001218
22.36 -0.00012651
22.365 -0.00012156
22.37 -0.00010059
22.375 -6.5535e-005
22.38 -3.4392e-005
22.385 -3.3391e-005
22.39 -4.9775e-005
22.395 -5.8187e-005
22.4 -6.3132e-005
22.405 -6.7583e-005
22.41 -5.0149e-005
22.415 -2.7251e-005
22.42 -3.236e-005
22.425 -6.0116e-005
22.43 -9.2903e-005
22.435 -0.0001389
22.44 -0.00018782
22.445 -0.00021639
22.45 -0.00021668
22.455 -0.00021004
22.46 -0.00022982
22.465 -0.00026939
22.47 -0.00030455
22.475 -0.0003261
22.48 -0.0003424
22.485 -0.00037044
22.49 -0.00041528
22.495 -0.00047423
22.5 -0.0005535
22.505 -0.00063128
22.51 -0.00065129
22.515 -0.00061952
22.52 -0.00057492
22.525 -0.00054272
22.53 -0.00052362
22.535 -0.00050322
22.54 -0.00047026
22.545 -0.00042058
22.55 -0.00035172
22.555 -0.00027464
22.56 -0.00021408
22.565 -0.00017069
22.57 -0.00013072
22.575 -8.819e-005
22.58 -4.5687e-005
22.585 -1.2183e-005
22.59 1.3873e-005
22.595 3.7869e-005
22.6 3.5561e-005
22.605 6.8829e-006
22.61 -7.3407e-006
22.615 7.7547e-007
22.62 1.3117e-005
22.625 4.9793e-005
22.63 0.00010617
22.635 7.2207e-005
22.64 -4.5275e-005
22.645 -0.00015304
22.65 -0.00020847
22.655 -0.00023244
22.66 -0.00025842
22.665 -0.00030239
22.67 -0.00036457
22.675 -0.0004134
22.68 -0.00043939
22.685 -0.00046035
22.69 -0.00048225
22.695 -0.000493
22.7 -0.00049534
22.705 -0.00049598
22.71 -0.0004902
22.715 -0.00047621
22.72 -0.00045934
22.725 -0.00045144
22.73 -0.0004553
22.735 -0.00046281
22.74 -0.00047305
22.745 -0.00049007
22.75 -0.0005116
22.755 -0.00053365
22.76 -0.00056258
22.765 -0.00058539
22.77 -0.00059241
22.775 -0.00060307
22.78 -0.00062614
22.785 -0.00064306
22.79 -0.00065051
22.795 -0.00065756
22.8 -0.00066234
22.805 -0.00066016
22.81 -0.00065229
22.815 -0.00064849
22.82 -0.00065379
22.825 -0.00064986
22.83 -0.00063396
22.835 -0.00062491
22.84 -0.0006212
22.845 -0.0006077
22.85 -0.00057405
22.855 -0.00053472
22.86 -0.00051523
22.865 -0.00049665
22.87 -0.00045553
22.875 -0.0003907
22.88 -0.00032105
22.885 -0.00025313
22.89 -0.00018011
22.895 -0.00010013
22.9 -3.4205e-005
22.905 1.0642e-005
22.91 3.6978e-005
22.915 7.7457e-005
22.92 0.00015093
22.925 0.00022447
22.93 0.00027307
22.935 0.00029953
22.94 0.00031115
22.945 0.00031506
22.95 0.00032847
22.955 0.0003476
22.96 0.00034172
22.965 0.00032419
22.97 0.00032111
22.975 0.00030611
22.98 0.00026973
22.985 0.00024776
22.99 0.00024764
22.995 0.00024752
23 0.00022092
23.005 0.00018381
23.01 0.00019335
23.015 0.00027285
23.02 0.00038672
23.025 0.00045343
23.03 0.00047231
23.035 0.00052739
23.04 0.00060656
23.045 0.00065377
23.05 0.00068283
23.055 0.00071794
23.06 0.00074004
23.065 0.00074496
23.07 0.00074584
23.075 0.00072375
23.08 0.0006763
23.085 0.0006276
23.09 0.00057977
23.095 0.00052341
23.1 0.00046059
23.105 0.0004009
23.11 0.00035158
23.115 0.00032023
23.12 0.000308
23.125 0.00033459
23.13 0.00036827
23.135 0.00033596
23.14 0.00023398
23.145 0.00011663
23.15 6.3906e-005
23.155 7.4599e-005
23.16 9.4223e-005
23.165 7.3443e-005
23.17 1.4012e-005
23.175 1.5126e-006
23.18 3.2363e-005
23.185 3.7462e-005
23.19 2.5671e-005
23.195 3.8068e-005
23.2 7.6123e-005
23.205 0.00011793
23.21 0.00015275
23.215 0.00018526
23.22 0.0002214
23.225 0.00027309
23.23 0.00032168
23.235 0.00034102
23.24 0.00035809
23.245 0.0004002
23.25 0.00043469
23.255 0.00044706
23.26 0.0004552
23.265 0.000453
23.27 0.00043106
23.275 0.0004068
23.28 0.00038126
23.285 0.00033773
23.29 0.00029983
23.295 0.00028556
23.3 0.00029251
23.305 0.00030773
23.31 0.00032055
23.315 0.0003115
23.32 0.00028406
23.325 0.00028501
23.33 0.00031529
23.335 0.00034488
23.34 0.00038071
23.345 0.00042779
23.35 0.00046485
23.355 0.00049788
23.36 0.00054454
23.365 0.00056089
23.37 0.00053503
23.375 0.00051792
23.38 0.00052256
23.385 0.00052407
23.39 0.00050248
23.395 0.00046422
23.4 0.00041817
23.405 0.00037964
23.41 0.00035725
23.415 0.0003323
23.42 0.00028842
23.425 0.0002257
23.43 0.00016492
23.435 0.00012266
23.44 9.7459e-005
23.445 7.6503e-005
23.45 4.5101e-005
23.455 1.712e-005
23.46 4.4055e-006
23.465 -8.6364e-006
23.47 -3.2859e-005
23.475 -6.0865e-005
23.48 -8.9902e-005
23.485 -0.00011639
23.49 -0.00011843
23.495 -0.00011281
23.5 -0.00015867
23.505 -0.00024366
23.51 -0.00031453
23.515 -0.00028307
23.52 -0.00018655
23.525 -0.00012055
23.53 -0.00011637
23.535 -0.00014376
23.54 -0.00015616
23.545 -0.00014693
23.55 -0.00013772
23.555 -0.00012482
23.56 -9.8427e-005
23.565 -9.5974e-005
23.57 -0.00011614
23.575 -0.00011586
23.58 -0.00010815
23.585 -0.00012168
23.59 -0.00013535
23.595 -0.00013561
23.6 -0.00014134
23.605 -0.00015708
23.61 -0.00017668
23.615 -0.00021148
23.62 -0.00024545
23.625 -0.00024303
23.63 -0.00018872
23.635 -0.00010727
23.64 -0.00013106
23.645 -0.00023923
23.65 -0.0003096
23.655 -0.00031791
23.66 -0.00030996
23.665 -0.00030035
23.67 -0.00030011
23.675 -0.00032447
23.68 -0.00034538
23.685 -0.0003425
23.69 -0.00035319
23.695 -0.00038493
23.7 -0.00040796
23.705 -0.00042058
23.71 -0.00043677
23.715 -0.00046022
23.72 -0.00048927
23.725 -0.00052275
23.73 -0.00053537
23.735 -0.00052517
23.74 -0.00053543
23.745 -0.00056515
23.75 -0.00058026
23.755 -0.00057979
23.76 -0.00057944
23.765 -0.00056734
23.77 -0.00054584
23.775 -0.00053057
23.78 -0.00051514
23.785 -0.00049266
23.79 -0.00047544
23.795 -0.00045747
23.8 -0.00042142
23.805 -0.00038048
23.81 -0.00034708
23.815 -0.00028311
23.82 -0.00020461
23.825 -0.00016172
23.83 -0.00013484
23.835 -8.8088e-005
23.84 -3.922e-005
23.845 -1.6818e-007
23.85 4.0995e-005
23.855 6.7828e-005
23.86 6.6627e-005
23.865 5.6882e-005
23.87 5.6669e-005
23.875 6.4472e-005
23.88 7.6794e-005
23.885 9.2442e-005
23.89 0.00010252
23.895 0.0001104
23.9 0.00012665
23.905 0.00015026
23.91 0.00017444
23.915 0.00020559
23.92 0.00023905
23.925 0.00026441
23.93 0.0002916
23.935 0.00032985
23.94 0.00035728
23.945 0.00037227
23.95 0.00039299
23.955 0.00042128
23.96 0.00044645
23.965 0.00045523
23.97 0.00045636
23.975 0.0004726
23.98 0.00049743
23.985 0.00051294
23.99 0.00049431
23.995 0.00044943
24 0.00038998
24.005 0.00035154
24.01 0.00035713
24.015 0.00041835
24.02 0.00049257
24.025 0.00052201
24.03 0.00050339
24.035 0.00046706
24.04 0.00043623
24.045 0.00041208
24.05 0.00038272
24.055 0.00034116
24.06 0.00029346
24.065 0.00024808
24.07 0.0002127
24.075 0.00018937
24.08 0.00016497
24.085 0.0001297
24.09 8.5805e-005
24.095 4.7872e-005
24.1 2.7143e-005
24.105 1.9129e-005
24.11 1.4359e-005
24.115 1.7989e-005
24.12 4.7804e-005
24.125 0.00011589
24.13 0.00017893
24.135 0.00018826
24.14 0.00013393
24.145 7.1626e-005
24.15 6.0484e-005
24.155 7.7063e-005
24.16 8.202e-005
24.165 8.584e-005
24.17 8.4495e-005
24.175 5.2384e-005
24.18 2.267e-005
24.185 2.643e-005
24.19 3.6054e-005
24.195 2.7993e-005
24.2 1.0356e-005
24.205 -1.4002e-005
24.21 -4.169e-005
24.215 -2.9495e-005
24.22 3.1312e-006
24.225 6.6607e-008
24.23 -1.2267e-005
24.235 -7.1562e-008
24.24 2.3862e-005
24.245 3.2953e-005
24.25 2.0412e-005
24.255 1.0006e-005
24.26 1.5535e-005
24.265 1.5863e-005
24.27 -8.1595e-006
24.275 -5.7339e-005
24.28 -9.6385e-005
24.285 -0.00011186
24.29 -0.00014362
24.295 -0.00019881
24.3 -0.00025065
24.305 -0.00029332
24.31 -0.00033276
24.315 -0.00036676
24.32 -0.00039136
24.325 -0.00040635
24.33 -0.00042231
24.335 -0.00044364
24.34 -0.00045957
24.345 -0.00046904
24.35 -0.00047772
24.355 -0.00047668
24.36 -0.00046519
24.365 -0.0004579
24.37 -0.00045469
24.375 -0.00044925
24.38 -0.00045595
24.385 -0.00047442
24.39 -0.00047918
24.395 -0.00047691
24.4 -0.00048526
24.405 -0.00048816
24.41 -0.00047467
24.415 -0.00045699
24.42 -0.00044473
24.425 -0.00043583
24.43 -0.00041131
24.435 -0.00035633
24.44 -0.00029411
24.445 -0.00024554
24.45 -0.00017388
24.455 -9.3213e-005
24.46 -5.2671e-005
24.465 -2.3248e-005
24.47 3.5321e-005
24.475 9.3547e-005
24.48 0.00013357
24.485 0.00017302
24.49 0.00020474
24.495 0.00021174
24.5 0.00015741
24.505 9.1157e-005
24.51 8.9023e-005
24.515 0.00012626
24.52 0.0001465
24.525 0.00012042
24.53 7.2367e-005
24.535 3.434e-005
24.54 1.5109e-005
24.545 3.9868e-006
24.55 -2.1299e-005
24.555 -5.5842e-005
24.56 -7.8842e-005
24.565 -8.2301e-005
24.57 -7.7099e-005
24.575 -7.2817e-005
24.58 -7.3274e-005
24.585 -7.8278e-005
24.59 -7.577e-005
24.595 -6.3769e-005
24.6 -5.9642e-005
24.605 -6.2075e-005
24.61 -5.6831e-005
24.615 -5.491e-005
24.62 -5.8294e-005
24.625 -8.8228e-007
24.63 7.6178e-005
24.635 7.2846e-005
24.64 3.7456e-006
24.645 -5.8977e-005
24.65 -6.6677e-005
24.655 -3.6665e-005
24.66 -2.2689e-006
24.665 7.7826e-006
24.67 3.0805e-007
24.675 7.0763e-006
24.68 2.056e-005
24.685 1.2636e-005
24.69 6.6143e-006
24.695 1.7359e-005
24.7 1.5467e-005
24.705 -2.0129e-006
24.71 -1.2473e-005
24.715 -4.5844e-006
24.72 8.7058e-006
24.725 4.8008e-006
24.73 -1.0594e-005
24.735 -1.875e-005
24.74 -1.0431e-005
24.745 4.6762e-006
24.75 1.1016e-005
24.755 9.1486e-006
24.76 6.7807e-006
24.765 -5.9855e-006
24.77 -2.7534e-005
24.775 -3.6253e-005
24.78 -3.4204e-005
24.785 -3.5656e-005
24.79 -3.419e-005
24.795 -2.7494e-005
24.8 -3.1186e-005
24.805 -4.4152e-005
24.81 -5.41e-005
24.815 -5.5422e-005
24.82 -5.15e-005
24.825 -4.5698e-005
24.83 -4.0548e-005
24.835 -3.6595e-005
24.84 -2.9579e-005
24.845 -2.6763e-005
24.85 -5.124e-005
24.855 -7.692e-005
24.86 -7.3259e-005
24.865 -6.5327e-005
24.87 -7.4472e-005
24.875 -8.879e-005
24.88 -8.7914e-005
24.885 -7.1795e-005
24.89 -6.5774e-005
24.895 -6.9019e-005
24.9 -4.9616e-005
24.905 -1.1697e-005
24.91 2.1479e-005
24.915 5.1967e-005
24.92 8.8853e-005
24.925 0.00013283
24.93 0.00017983
24.935 0.00022674
24.94 0.00027779
24.945 0.00032753
24.95 0.00035695
24.955 0.00038181
24.96 0.00042184
24.965 0.00044818
24.97 0.0004546
24.975 0.00047999
24.98 0.0005084
24.985 0.00050793
24.99 0.00050338
24.995 0.00050941
25 0.00049512
25.005 0.00046785
25.01 0.00045848
25.015 0.00049075
25.02 0.00054388
25.025 0.00056897
25.03 0.00056357
25.035 0.00055126
25.04 0.00053994
25.045 0.0005253
25.05 0.00050312
25.055 0.00047444
25.06 0.00044356
25.065 0.00041309
25.07 0.00038146
25.075 0.00033948
25.08 0.00030034
25.085 0.00028138
25.09 0.00026204
25.095 0.00022652
25.1 0.00018908
25.105 0.00016067
25.11 0.00013924
25.115 0.00011562
25.12 9.0808e-005
25.125 9.3628e-005
25.13 0.00012152
25.135 0.00010373
25.14 4.2232e-005
25.145 -8.8882e-006
25.15 -3.1247e-005
25.155 -4.0404e-005
25.16 -4.7309e-005
25.165 -5.3824e-005
25.17 -5.7428e-005
25.175 -5.5676e-005
25.18 -5.1087e-005
25.185 -4.6688e-005
25.19 -4.323e-005
25.195 -4.0052e-005
25.2 -3.6816e-005
25.205 -3.3026e-005
25.21 -2.2488e-005
25.215 -1.1674e-005
25.22 -1.1806e-005
25.225 -1.6098e-005
25.23 -1.5218e-005
25.235 -1.0521e-005
25.24 -1.2397e-005
25.245 -2.7423e-005
25.25 -3.4652e-005
25.255 -2.573e-005
25.26 -2.567e-005
25.265 -4.1051e-005
25.27 -5.7915e-005
25.275 -7.2328e-005
25.28 -8.5849e-005
25.285 -9.2398e-005
25.29 -9.7393e-005
25.295 -0.0001121
25.3 -0.00012701
25.305 -0.00013254
25.31 -0.0001221
25.315 -0.00010379
25.32 -8.8587e-005
25.325 -7.8577e-005
25.33 -6.9763e-005
25.335 -5.517e-005
25.34 -3.8026e-005
25.345 -2.6643e-005
25.35 -2.6553e-005
25.355 -3.5334e-005
25.36 -4.3451e-005
25.365 -4.5766e-005
25.37 -4.4479e-005
25.375 -5.137e-005
25.38 -7.0102e-005
25.385 -8.7984e-005
25.39 -9.6731e-005
25.395 -9.9134e-005
25.4 -9.7186e-005
25.405 -9.229e-005
25.41 -9.0064e-005
25.415 -9.268e-005
25.42 -9.629e-005
25.425 -9.0192e-005
25.43 -7.2124e-005
25.435 -6.3373e-005
25.44 -6.7052e-005
25.445 -6.9214e-005
25.45 -6.448e-005
25.455 -5.7263e-005
25.46 -4.9945e-005
25.465 -4.7717e-005
25.47 -5.4698e-005
25.475 -6.0552e-005
25.48 -5.6838e-005
25.485 -5.2262e-005
25.49 -5.7505e-005
25.495 -7.5735e-005
25.5 -0.00010037
25.505 -0.00012208
25.51 -0.00011293
25.515 -8.0241e-005
25.52 -5.1601e-005
25.525 -3.9362e-005
25.53 -3.8209e-005
25.535 -3.9122e-005
25.54 -4.0951e-005
25.545 -4.7528e-005
25.55 -5.7977e-005
25.555 -6.8106e-005
25.56 -7.9119e-005
25.565 -9.3379e-005
25.57 -0.00011131
25.575 -0.00012512
25.58 -0.00013036
25.585 -0.00013305
25.59 -0.00013965
25.595 -0.00015054
25.6 -0.00015668
25.605 -0.00015369
25.61 -0.00014548
25.615 -0.00013301
25.62 -0.00011157
25.625 -8.0451e-005
25.63 -4.7661e-005
25.635 -4.733e-005
25.64 -6.723e-005
25.645 -6.8632e-005
25.65 -4.7013e-005
25.655 -1.9834e-005
25.66 -1.9949e-006
25.665 6.2927e-006
25.67 1.0208e-005
25.675 1.3043e-005
25.68 1.5284e-005
25.685 2.4267e-005
25.69 3.6336e-005
25.695 4.2152e-005
25.7 4.1987e-005
25.705 4.1638e-005
25.71 4.674e-005
25.715 5.2151e-005
25.72 4.9996e-005
25.725 4.7416e-005
25.73 5.1587e-005
25.735 5.4411e-005
25.74 5.3339e-005
25.745 5.4459e-005
25.75 5.7926e-005
25.755 6.1084e-005
25.76 6.8483e-005
25.765 7.8399e-005
25.77 8.4575e-005
25.775 8.9807e-005
25.78 9.7849e-005
25.785 0.00010482
25.79 0.00010756
25.795 0.0001061
25.8 0.00010173
25.805 9.6277e-005
25.81 8.855e-005
25.815 7.9945e-005
25.82 7.2862e-005
25.825 6.3196e-005
25.83 4.8029e-005
25.835 3.2246e-005
25.84 1.8325e-005
25.845 2.8124e-006
25.85 -1.1683e-005
25.855 -2.1729e-005
25.86 -3.5073e-005
25.865 -5.0791e-005
25.87 -6.1282e-005
25.875 -6.9415e-005
25.88 -8.0292e-005
25.885 -8.8744e-005
25.89 -9.3047e-005
25.895 -9.7122e-005
25.9 -0.00010336
25.905 -0.00011087
25.91 -0.00011643
25.915 -0.00011954
25.92 -0.00012181
25.925 -0.00012467
25.93 -0.0001278
25.935 -0.00012786
25.94 -0.00012608
25.945 -0.00012611
25.95 -0.00012624
25.955 -0.00012453
25.96 -0.00012202
25.965 -0.00012104
25.97 -0.00012236
25.975 -0.00012169
25.98 -0.00011732
25.985 -0.00011182
25.99 -0.00010885
25.995 -0.00011043
26 -0.00011481
26.005 -0.00011812
26.01 -0.00011116
26.015 -9.6546e-005
26.02 -8.3231e-005
26.025 -7.8459e-005
26.03 -7.9848e-005
26.035 -7.9712e-005
26.04 -7.6918e-005
26.045 -7.4576e-005
26.05 -7.1829e-005
26.055 -6.7855e-005
26.06 -6.5254e-005
26.065 -6.3943e-005
26.07 -6.2124e-005
26.075 -5.8982e-005
26.08 -5.5772e-005
26.085 -5.4255e-005
26.09 -5.3288e-005
26.095 -5.0712e-005
26.1 -4.7104e-005
26.105 -4.3537e-005
26.11 -3.9536e-005
26.115 -3.5558e-005
26.12 -3.2022e-005
26.125 -2.4672e-005
26.13 -1.5296e-005
26.135 -1.2959e-005
26.14 -1.6894e-005
26.145 -2.0126e-005
26.15 -1.8723e-005
26.155 -1.4522e-005
26.16 -1.1056e-005
26.165 -1.0191e-005
26.17 -1.1234e-005
26.175 -1.1445e-005
26.18 -1.045e-005
26.185 -1.0188e-005
26.19 -1.0714e-005
26.195 -1.0804e-005
26.2 -1.101e-005
26.205 -1.1376e-005
26.21 -1.1108e-005
26.215 -1.0562e-005
26.22 -1.0407e-005
26.225 -9.5916e-006
26.23 -8.2732e-006
26.235 -7.7254e-006
26.24 -6.977e-006
26.245 -5.0002e-006
26.25 -3.9387e-006
26.255 -4.2337e-006
26.26 -4.4567e-006
26.265 -4.0219e-006
26.27 -3.3394e-006
26.275 -2.9524e-006
26.28 -2.714e-006
26.285 -2.1831e-006
26.29 -1.4277e-006
26.295 -7.0211e-007
26.3 -1.7719e-007
26.305 4.7187e-007
26.31 1.5816e-006
26.315 2.9079e-006
26.32 4.093e-006
26.325 5.2103e-006
26.33 6.3072e-006
26.335 7.3364e-006
26.34 8.4558e-006
26.345 9.6953e-006
26.35 1.0802e-005
26.355 1.1813e-005
26.36 1.2901e-005
26.365 1.3905e-005
26.37 1.4714e-005
26.375 1.5505e-005
26.38 1.6305e-005
26.385 1.703e-005
26.39 1.7661e-005
26.395 1.826e-005
26.4 1.8843e-005
26.405 1.9432e-005
26.41 2.0014e-005
26.415 2.044e-005
26.42 2.07e-005
26.425 2.0961e-005
26.43 2.1308e-005
26.435 2.1712e-005
26.44 2.21e-005
26.445 2.243e-005
26.45 2.265e-005
26.455 2.2888e-005
26.46 2.3206e-005
26.465 2.3461e-005
26.47 2.3591e-005
26.475 2.3711e-005
26.48 2.3848e-005
26.485 2.3972e-005
26.49 2.4052e-005
26.495 2.4079e-005
26.5 2.4001e-005
26.505 2.3886e-005
26.51 2.3835e-005
26.515 2.4056e-005
26.52 2.4372e-005
26.525 2.4479e-005
26.53 2.4391e-005
26.535 2.4271e-005
26.54 2.4195e-005
26.545 2.4123e-005
26.55 2.3992e-005
26.555 2.3821e-005
26.56 2.3647e-005
26.565 2.3502e-005
26.57 2.3351e-005
26.575 2.3161e-005
26.58 2.2936e-005
26.585 2.2684e-005
26.59 2.2392e-005
26.595 2.2068e-005
26.6 2.1742e-005
26.605 2.1395e-005
26.61 2.1005e-005
26.615 2.06e-005
26.62 2.0198e-005
26.625 1.979e-005
26.63 1.9359e-005
26.635 1.8903e-005
26.64 1.8422e-005
26.645 1.7936e-005
26.65 1.7464e-005
26.655 1.7002e-005
26.66 1.6533e-005
26.665 1.606e-005
26.67 1.5583e-005
26.675 1.51e-005
26.68 1.4614e-005
26.685 1.4128e-005
26.69 1.3639e-005
26.695 1.3146e-005
26.7 1.2646e-005
26.705 1.2142e-005
26.71 1.1636e-005
26.715 1.1126e-005
26.72 1.0612e-005
26.725 1.0094e-005
26.73 9.5721e-006
26.735 9.0476e-006
26.74 8.5202e-006
26.745 7.9899e-006
26.75 7.4567e-006
26.755 6.9205e-006
26.76 6.3817e-006
26.765 5.8405e-006
26.77 5.2971e-006
26.775 4.7515e-006
26.78 4.2041e-006
26.785 3.6549e-006
26.79 3.1042e-006
26.795 2.5522e-006
26.8 1.9992e-006
