0.005 -3.4593e-007
0.01 -2.0699e-007
0.015 -3.8917e-007
0.02 -2.3181e-007
0.025 -3.3291e-007
0.03 -2.5217e-008
0.035 9.6864e-008
0.04 6.7329e-007
0.045 9.6793e-007
0.05 1.2676e-006
0.055 6.5403e-007
0.06 2.7204e-007
0.065 -2.3636e-007
0.07 -2.5218e-007
0.075 -6.6099e-008
0.08 1.3233e-006
0.085 2.7468e-006
0.09 4.1529e-006
0.095 3.7958e-006
0.1 1.2366e-006
0.105 -5.4789e-006
0.11 -1.4029e-005
0.115 -2.2234e-005
0.12 -2.6579e-005
0.125 -2.7351e-005
0.13 -2.3886e-005
0.135 -1.8733e-005
0.14 -1.3319e-005
0.145 -9.8054e-006
0.15 -8.2468e-006
0.155 -1.0328e-005
0.16 -1.6104e-005
0.165 -2.4802e-005
0.17 -2.5002e-005
0.175 -1.1608e-005
0.18 1.4714e-005
0.185 4.0857e-005
0.19 5.8192e-005
0.195 6.0312e-005
0.2 5.2272e-005
0.205 4.1248e-005
0.21 3.1454e-005
0.215 2.2487e-005
0.22 1.5094e-005
0.225 8.2938e-006
0.23 5.9495e-007
0.235 -9.3782e-006
0.24 -2.1075e-005
0.245 -3.2624e-005
0.25 -4.4764e-005
0.255 -6.4873e-005
0.26 -8.9722e-005
0.265 -0.00011128
0.27 -0.00012129
0.275 -0.00012398
0.28 -0.00012837
0.285 -0.00013363
0.29 -0.00012948
0.295 -9.4442e-005
0.3 -3.2948e-005
0.305 3.4534e-005
0.31 9.7356e-005
0.315 0.00015092
0.32 0.00018993
0.325 0.00021081
0.33 0.00019902
0.335 0.00015513
0.34 9.101e-005
0.345 2.5248e-005
0.35 -2.6583e-005
0.355 -7.5466e-005
0.36 -0.00013855
0.365 -0.00023674
0.37 -0.00034781
0.375 -0.00044241
0.38 -0.00048316
0.385 -0.0004707
0.39 -0.00040643
0.395 -0.00030072
0.4 -0.00017169
0.405 -2.1403e-005
0.41 0.00014062
0.415 0.00024698
0.42 0.00028154
0.425 0.00022876
0.43 0.0001299
0.435 4.8086e-005
0.44 1.8041e-005
0.445 7.3954e-006
0.45 -3.8452e-005
0.455 -0.00010664
0.46 -0.00016309
0.465 -0.00017681
0.47 -0.00016589
0.475 -0.00017263
0.48 -0.00022412
0.485 -0.0003088
0.49 -0.00040825
0.495 -0.00048517
0.5 -0.00047188
0.505 -0.00038961
0.51 -0.00030387
0.515 -0.0001923
0.52 -2.2454e-005
0.525 0.00032857
0.53 0.00074943
0.535 0.0010282
0.54 0.0011386
0.545 0.0010169
0.55 0.00077053
0.555 0.00060478
0.56 0.00053903
0.565 0.0005493
0.57 0.00060113
0.575 0.00068437
0.58 0.00072177
0.585 0.00065851
0.59 0.00045641
0.595 0.00013717
0.6 -0.00029063
0.605 -0.00074575
0.61 -0.0011186
0.615 -0.0011399
0.62 -0.0008012
0.625 -0.00047619
0.63 -0.00034755
0.635 -0.0004089
0.64 -0.00051419
0.645 -0.00056379
0.65 -0.00049984
0.655 -0.00029126
0.66 -2.5617e-006
0.665 0.00028811
0.67 0.0005435
0.675 0.00073641
0.68 0.0007686
0.685 0.00057633
0.69 0.00013222
0.695 -0.00052487
0.7 -0.0011844
0.705 -0.0015882
0.71 -0.0016821
0.715 -0.0016199
0.72 -0.0014371
0.725 -0.0011638
0.73 -0.00084342
0.735 -0.0004615
0.74 2.8574e-005
0.745 0.00057135
0.75 0.0010902
0.755 0.0015443
0.76 0.0019543
0.765 0.0022713
0.77 0.0025099
0.775 0.002695
0.78 0.0028409
0.785 0.0029646
0.79 0.0031351
0.795 0.0033534
0.8 0.003419
0.805 0.0032688
0.81 0.0028336
0.815 0.0020423
0.82 0.0010366
0.825 0.00017842
0.83 -0.00027997
0.835 -0.0004451
0.84 -0.00043941
0.845 -0.00038499
0.85 -0.00042968
0.855 -0.00066461
0.86 -0.0011198
0.865 -0.0015931
0.87 -0.0019254
0.875 -0.0020408
0.88 -0.0020076
0.885 -0.0019114
0.89 -0.0017484
0.895 -0.001524
0.9 -0.001293
0.905 -0.0010873
0.91 -0.00085099
0.915 -0.00050296
0.92 3.063e-005
0.925 0.00078163
0.93 0.0016776
0.935 0.0023804
0.94 0.0027541
0.945 0.002903
0.95 0.0029616
0.955 0.00297
0.96 0.0029191
0.965 0.0026991
0.97 0.0022337
0.975 0.0015886
0.98 0.00082828
0.985 0.00013554
0.99 -0.00031689
0.995 -0.00042678
1 0.00016706
1.005 0.001146
1.01 0.0020426
1.015 0.0025127
1.02 0.0020837
1.025 0.0010576
1.03 -3.6615e-005
1.035 -0.00076868
1.04 -0.00098346
1.045 -0.0010615
1.05 -0.0013282
1.055 -0.0019148
1.06 -0.0025697
1.065 -0.0030025
1.07 -0.003115
1.075 -0.0030302
1.08 -0.0030508
1.085 -0.0033337
1.09 -0.0039691
1.095 -0.004575
1.1 -0.0047724
1.105 -0.0042952
1.11 -0.0033711
1.115 -0.0022457
1.12 -0.00054781
1.125 0.0015667
1.13 0.0038323
1.135 0.0059743
1.14 0.0074189
1.145 0.0073865
1.15 0.0061057
1.155 0.0042923
1.16 0.0031027
1.165 0.0027165
1.17 0.0026835
1.175 0.0025842
1.18 0.0022967
1.185 0.0019817
1.19 0.001692
1.195 0.0012705
1.2 0.00081583
1.205 0.00062652
1.21 0.00070691
1.215 0.00087472
1.22 0.00068835
1.225 0.00011811
1.23 -0.00059194
1.235 -0.0011815
1.24 -0.0016163
1.245 -0.0022508
1.25 -0.0032753
1.255 -0.0046666
1.26 -0.0059979
1.265 -0.0064229
1.27 -0.0058924
1.275 -0.0050477
1.28 -0.0041673
1.285 -0.0035221
1.29 -0.0031191
1.295 -0.0026049
1.3 -0.0019219
1.305 -0.0012934
1.31 -0.00086828
1.315 -0.00058001
1.32 -0.00029096
1.325 6.3993e-005
1.33 0.00026465
1.335 0.00018708
1.34 -0.0008588
1.345 -0.0027209
1.35 -0.0046032
1.355 -0.005979
1.36 -0.0065489
1.365 -0.0062354
1.37 -0.0050853
1.375 -0.0037694
1.38 -0.0027277
1.385 -0.0018829
1.39 -0.0011071
1.395 -0.00015095
1.4 0.0010736
1.405 0.0020986
1.41 0.0024306
1.415 0.0022408
1.42 0.0018187
1.425 0.0015959
1.43 0.0016066
1.435 0.0011367
1.44 -0.00027537
1.445 -0.0015589
1.45 -0.0019531
1.455 -0.0011397
1.46 0.0011648
1.465 0.0036627
1.47 0.0050317
1.475 0.0052189
1.48 0.0045688
1.485 0.0035884
1.49 0.0020312
1.495 0.00026926
1.5 -0.0010889
1.505 -0.00173
1.51 -0.0019597
1.515 -0.0020274
1.52 -0.00197
1.525 -0.0015978
1.53 -0.00087987
1.535 -0.00010345
1.54 0.0001239
1.545 -0.0002654
1.55 -0.0013992
1.555 -0.0026575
1.56 -0.0032908
1.565 -0.002935
1.57 -0.0016172
1.575 -0.00014449
1.58 0.0010558
1.585 0.0015756
1.59 0.0010009
1.595 -0.00013456
1.6 -0.0012181
1.605 -0.0021005
1.61 -0.002834
1.615 -0.0031679
1.62 -0.0031727
1.625 -0.0031087
1.63 -0.0031971
1.635 -0.0035479
1.64 -0.0039712
1.645 -0.0042559
1.65 -0.0041188
1.655 -0.0035038
1.66 -0.0025505
1.665 -0.0014069
1.67 -0.00022231
1.675 0.00036898
1.68 0.00038616
1.685 -5.249e-005
1.69 -0.00049142
1.695 -0.00059544
1.7 -0.00025561
1.705 0.00036139
1.71 0.0011906
1.715 0.0021171
1.72 0.003053
1.725 0.003876
1.73 0.0045217
1.735 0.0048077
1.74 0.004803
1.745 0.0044725
1.75 0.003876
1.755 0.003114
1.76 0.0022569
1.765 0.0014572
1.77 0.00093315
1.775 0.00058719
1.78 0.00021639
1.785 -0.00031624
1.79 -0.001039
1.795 -0.0020472
1.8 -0.0030959
1.805 -0.0038957
1.81 -0.0041897
1.815 -0.0041325
1.82 -0.0036628
1.825 -0.0024825
1.83 -0.00092367
1.835 0.00054708
1.84 0.0015751
1.845 0.0019907
1.85 0.002257
1.855 0.0027678
1.86 0.0034036
1.865 0.0037357
1.87 0.0036893
1.875 0.003243
1.88 0.002701
1.885 0.0024309
1.89 0.0026575
1.895 0.0031959
1.9 0.0039636
1.905 0.0048249
1.91 0.0055949
1.915 0.0060528
1.92 0.005923
1.925 0.0051543
1.93 0.0040639
1.935 0.0029102
1.94 0.0017935
1.945 0.0007278
1.95 -0.00052596
1.955 -0.0018279
1.96 -0.0028408
1.965 -0.0032184
1.97 -0.003158
1.975 -0.0026786
1.98 -0.0019838
1.985 -0.0012817
1.99 -0.00066729
1.995 -0.00017845
2 0.00016376
2.005 0.0003902
2.01 0.00043055
2.015 0.00036821
2.02 0.00039275
2.025 0.00049851
2.03 0.00057508
2.035 0.00049351
2.04 0.00043228
2.045 0.00062176
2.05 0.0010525
2.055 0.0015274
2.06 0.001683
2.065 0.001402
2.07 0.00068169
2.075 -0.00027209
2.08 -0.0011792
2.085 -0.0019009
2.09 -0.0025024
2.095 -0.0031135
2.1 -0.0034261
2.105 -0.003381
2.11 -0.0028573
2.115 -0.0020112
2.12 -0.0010502
2.125 -5.3746e-005
2.13 0.00093852
2.135 0.001612
2.14 0.0018935
2.145 0.001413
2.15 0.000451
2.155 -0.00040063
2.16 -0.0009605
2.165 -0.0013339
2.17 -0.001584
2.175 -0.0015083
2.18 -0.0010576
2.185 -0.00019879
2.19 0.00085143
2.195 0.0017091
2.2 0.0018753
2.205 0.0013345
2.21 0.00044441
2.215 -0.00036118
2.22 -0.00091698
2.225 -0.0013313
2.23 -0.0015124
2.235 -0.0014333
2.24 -0.0011045
2.245 -0.00062147
2.25 -0.0001316
2.255 0.00031206
2.26 0.00073511
2.265 0.0010579
2.27 0.0012974
2.275 0.001519
2.28 0.001668
2.285 0.0017157
2.29 0.0017658
2.295 0.0018341
2.3 0.0017453
2.305 0.0014661
2.31 0.0010802
2.315 0.00075007
2.32 0.00061845
2.325 0.00084837
2.33 0.0012853
2.335 0.0016773
2.34 0.0017644
2.345 0.0015818
2.35 0.0012091
2.355 0.00080032
2.36 0.00049454
2.365 5.6377e-005
2.37 -0.00056641
2.375 -0.0011615
2.38 -0.0014675
2.385 -0.0013689
2.39 -0.00083422
2.395 -0.00017463
2.4 0.00021604
2.405 0.00028031
2.41 0.00015215
2.415 -9.0963e-005
2.42 -0.00042381
2.425 -0.00097507
2.43 -0.0016918
2.435 -0.0023809
2.44 -0.0028918
2.445 -0.0031612
2.45 -0.0031057
2.455 -0.0026154
2.46 -0.0017969
2.465 -0.00099796
2.47 -0.00037126
2.475 9.8851e-005
2.48 0.00048537
2.485 0.00082837
2.49 0.0011933
2.495 0.0015726
2.5 0.0019138
2.505 0.0021311
2.51 0.0021846
2.515 0.0020107
2.52 0.0016371
2.525 0.0010009
2.53 0.00035491
2.535 -6.7932e-006
2.54 -3.6649e-005
2.545 2.6181e-005
2.55 -4.5096e-005
2.555 -0.00027979
2.56 -0.00058985
2.565 -0.00085286
2.57 -0.0010174
2.575 -0.0011495
2.58 -0.001292
2.585 -0.0014695
2.59 -0.0017075
2.595 -0.0020811
2.6 -0.0025921
2.605 -0.0031995
2.61 -0.003894
2.615 -0.0047354
2.62 -0.0057102
2.625 -0.0070431
2.63 -0.0081838
2.635 -0.008667
2.64 -0.0087055
2.645 -0.0086569
2.65 -0.0084363
2.655 -0.0081961
2.66 -0.008253
2.665 -0.0088734
2.67 -0.0098095
2.675 -0.010653
2.68 -0.011074
2.685 -0.011092
2.69 -0.010598
2.695 -0.0097154
2.7 -0.0086274
2.705 -0.0075743
2.71 -0.0067101
2.715 -0.0062601
2.72 -0.0062591
2.725 -0.0067273
2.73 -0.0071402
2.735 -0.0069884
2.74 -0.0062775
2.745 -0.0048471
2.75 -0.0019702
2.755 0.0020206
2.76 0.0067266
2.765 0.011767
2.77 0.016749
2.775 0.02131
2.78 0.026004
2.785 0.029299
2.79 0.029132
2.795 0.02572
2.8 0.021611
2.805 0.017532
2.81 0.014341
2.815 0.012195
2.82 0.0097039
2.825 0.0066525
2.83 0.0037729
2.835 0.0017421
2.84 0.00025859
2.845 -0.0010483
2.85 -0.0021963
2.855 -0.0032045
2.86 -0.0044584
2.865 -0.0061781
2.87 -0.0082097
2.875 -0.010005
2.88 -0.011372
2.885 -0.012533
2.89 -0.014022
2.895 -0.015787
2.9 -0.017393
2.905 -0.017944
2.91 -0.017716
2.915 -0.017393
2.92 -0.017313
2.925 -0.017428
2.93 -0.017411
2.935 -0.017139
2.94 -0.016667
2.945 -0.016126
2.95 -0.015565
2.955 -0.015011
2.96 -0.014504
2.965 -0.014278
2.97 -0.014368
2.975 -0.014677
2.98 -0.015395
2.985 -0.016421
2.99 -0.017402
2.995 -0.017991
3 -0.018277
3.005 -0.018394
3.01 -0.018245
3.015 -0.017017
3.02 -0.013026
3.025 -0.0060682
3.03 0.0028588
3.035 0.012598
3.04 0.021257
3.045 0.028653
3.05 0.035335
3.055 0.039256
3.06 0.038711
3.065 0.033835
3.07 0.027435
3.075 0.022742
3.08 0.020109
3.085 0.018712
3.09 0.018256
3.095 0.018928
3.1 0.021106
3.105 0.024016
3.11 0.026203
3.115 0.027658
3.12 0.029046
3.125 0.030037
3.13 0.030215
3.135 0.029584
3.14 0.028605
3.145 0.02752
3.15 0.026119
3.155 0.023541
3.16 0.019345
3.165 0.014076
3.17 0.010107
3.175 0.0084381
3.18 0.0087027
3.185 0.010564
3.19 0.014472
3.195 0.019826
3.2 0.024383
3.205 0.027371
3.21 0.028881
3.215 0.029559
3.22 0.030002
3.225 0.030354
3.23 0.030346
3.235 0.02975
3.24 0.028697
3.245 0.027153
3.25 0.025195
3.255 0.023021
3.26 0.020304
3.265 0.015774
3.27 0.0097983
3.275 0.0022958
3.28 -0.0071851
3.285 -0.017039
3.29 -0.025705
3.295 -0.032912
3.3 -0.035956
3.305 -0.034675
3.31 -0.032712
3.315 -0.032123
3.32 -0.032388
3.325 -0.031493
3.33 -0.027781
3.335 -0.021809
3.34 -0.015872
3.345 -0.0090437
3.35 -0.00094881
3.355 0.0075125
3.36 0.015837
3.365 0.022413
3.37 0.024319
3.375 0.022858
3.38 0.021533
3.385 0.021516
3.39 0.021811
3.395 0.021402
3.4 0.020505
3.405 0.01971
3.41 0.019229
3.415 0.018898
3.42 0.01851
3.425 0.017933
3.43 0.017157
3.435 0.016061
3.44 0.014759
3.445 0.013517
3.45 0.012414
3.455 0.011266
3.46 0.0098465
3.465 0.0083946
3.47 0.0070963
3.475 0.0058106
3.48 0.0039964
3.485 0.0015816
3.49 -0.00081173
3.495 -0.0027346
3.5 -0.0039145
3.505 -0.0041236
3.51 -0.0034017
3.515 -0.0017124
3.52 0.00041066
3.525 0.0021843
3.53 0.0033901
3.535 0.0038686
3.54 0.0040236
3.545 0.0039204
3.55 0.0034078
3.555 0.0025719
3.56 0.0013424
3.565 -0.0001442
3.57 -0.0020691
3.575 -0.0047195
3.58 -0.0083685
3.585 -0.012753
3.59 -0.019112
3.595 -0.025817
3.6 -0.03244
3.605 -0.03807
3.61 -0.042077
3.615 -0.045417
3.62 -0.047947
3.625 -0.049022
3.63 -0.048645
3.635 -0.047879
3.64 -0.047221
3.645 -0.04663
3.65 -0.045964
3.655 -0.045284
3.66 -0.044648
3.665 -0.043917
3.67 -0.042909
3.675 -0.041209
3.68 -0.038651
3.685 -0.035801
3.69 -0.03275
3.695 -0.029484
3.7 -0.026149
3.705 -0.023057
3.71 -0.020648
3.715 -0.019209
3.72 -0.01836
3.725 -0.01747
3.73 -0.016411
3.735 -0.015307
3.74 -0.014196
3.745 -0.012758
3.75 -0.011077
3.755 -0.0097636
3.76 -0.0087951
3.765 -0.0077784
3.77 -0.0066966
3.775 -0.0057319
3.78 -0.0048237
3.785 -0.0038545
3.79 -0.0025987
3.795 -0.0011269
3.8 0.00041852
3.805 0.0017868
3.81 0.0028529
3.815 0.0036437
3.82 0.0038524
3.825 0.0035316
3.83 0.0027623
3.835 0.0017482
3.84 0.00082361
3.845 0.00031067
3.85 0.00013188
3.855 0.00040639
3.86 0.0016871
3.865 0.0038191
3.87 0.0064149
3.875 0.0091738
3.88 0.012568
3.885 0.016246
3.89 0.019495
3.895 0.022321
3.9 0.023826
3.905 0.023503
3.91 0.021737
3.915 0.018918
3.92 0.015751
3.925 0.012861
3.93 0.010416
3.935 0.0082427
3.94 0.006161
3.945 0.0044895
3.95 0.0031707
3.955 0.0018767
3.96 0.00043041
3.965 -0.0011887
3.97 -0.003079
3.975 -0.005246
3.98 -0.007543
3.985 -0.0098905
3.99 -0.011996
3.995 -0.013745
4 -0.015204
4.005 -0.016327
4.01 -0.017075
4.015 -0.017214
4.02 -0.016829
4.025 -0.016104
4.03 -0.01496
4.035 -0.013548
4.04 -0.011915
4.045 -0.010291
4.05 -0.009056
4.055 -0.0080451
4.06 -0.0068486
4.065 -0.0055212
4.07 -0.0043664
4.075 -0.0036303
4.08 -0.0032747
4.085 -0.0033597
4.09 -0.0037933
4.095 -0.0044633
4.1 -0.0052275
4.105 -0.0059277
4.11 -0.0062286
4.115 -0.006129
4.12 -0.0056051
4.125 -0.0044335
4.13 -0.0026686
4.135 -9.4165e-005
4.14 0.0027389
4.145 0.0050882
4.15 0.0067649
4.155 0.007637
4.16 0.0076576
4.165 0.0070223
4.17 0.006299
4.175 0.0058084
4.18 0.0056884
4.185 0.0057353
4.19 0.0058012
4.195 0.0059251
4.2 0.0061248
4.205 0.0065062
4.21 0.0070261
4.215 0.0075861
4.22 0.0081645
4.225 0.0088193
4.23 0.0094688
4.235 0.010003
4.24 0.010181
4.245 0.010126
4.25 0.010047
4.255 0.0098327
4.26 0.0093771
4.265 0.0086772
4.27 0.0077926
4.275 0.0066535
4.28 0.0055651
4.285 0.0047441
4.29 0.004054
4.295 0.0033336
4.3 0.0025781
4.305 0.0021667
4.31 0.0021673
4.315 0.002375
4.32 0.0025223
4.325 0.0024907
4.33 0.002212
4.335 0.0018124
4.34 0.001556
4.345 0.0014739
4.35 0.001465
4.355 0.0015618
4.36 0.0017604
4.365 0.0020605
4.37 0.0024804
4.375 0.0029752
4.38 0.0034834
4.385 0.0039459
4.39 0.0043421
4.395 0.0048935
4.4 0.0058583
4.405 0.007105
4.41 0.0084206
4.415 0.0093346
4.42 0.0097948
4.425 0.0098618
4.43 0.009622
4.435 0.0090784
4.44 0.0084176
4.445 0.007959
4.45 0.0076271
4.455 0.0072364
4.46 0.0067904
4.465 0.0064932
4.47 0.00632
4.475 0.0061366
4.48 0.0059911
4.485 0.0059255
4.49 0.0058612
4.495 0.0057296
4.5 0.005517
4.505 0.0050871
4.51 0.004452
4.515 0.0037299
4.52 0.0028099
4.525 0.001644
4.53 0.00046665
4.535 -0.00049811
4.54 -0.001216
4.545 -0.0016696
4.55 -0.0019101
4.555 -0.0017702
4.56 -0.00082108
4.565 0.0010035
4.57 0.0036951
4.575 0.0059779
4.58 0.0073403
4.585 0.0079649
4.59 0.0079875
4.595 0.0079116
4.6 0.0076863
4.605 0.0074168
4.61 0.0072771
4.615 0.0074557
4.62 0.0078211
4.625 0.0081359
4.63 0.0082596
4.635 0.0081963
4.64 0.007892
4.645 0.0074018
4.65 0.0062001
4.655 0.0041634
4.66 0.0016606
4.665 -0.00093885
4.67 -0.0034682
4.675 -0.0054668
4.68 -0.0067659
4.685 -0.007226
4.69 -0.0067686
4.695 -0.0058212
4.7 -0.0045044
4.705 -0.003137
4.71 -0.0023635
4.715 -0.002279
4.72 -0.0026436
4.725 -0.0038668
4.73 -0.005643
4.735 -0.0072392
4.74 -0.0082573
4.745 -0.0089048
4.75 -0.0095328
4.755 -0.0098736
4.76 -0.0098413
4.765 -0.0091649
4.77 -0.0079639
4.775 -0.0064906
4.78 -0.0049439
4.785 -0.0033627
4.79 -0.0020057
4.795 -0.0010374
4.8 -0.00060276
4.805 -0.00068142
4.81 -0.0013135
4.815 -0.0021164
4.82 -0.002667
4.825 -0.0026568
4.83 -0.0022477
4.835 -0.001325
4.84 3.253e-005
4.845 0.0015596
4.85 0.0029473
4.855 0.0040431
4.86 0.0048916
4.865 0.0055482
4.87 0.0060619
4.875 0.0065009
4.88 0.0071049
4.885 0.0078159
4.89 0.0084428
4.895 0.0088917
4.9 0.009218
4.905 0.0094265
4.91 0.0095623
4.915 0.0097117
4.92 0.0099505
4.925 0.010307
4.93 0.010646
4.935 0.010859
4.94 0.010883
4.945 0.010801
4.95 0.010653
4.955 0.010384
4.96 0.0099868
4.965 0.0093497
4.97 0.0085418
4.975 0.0077512
4.98 0.0069844
4.985 0.0061851
4.99 0.0055324
4.995 0.0051189
5 0.0048915
5.005 0.0048256
5.01 0.0048879
5.015 0.0051233
5.02 0.005454
5.025 0.0058178
5.03 0.0061431
5.035 0.0063557
5.04 0.0063567
5.045 0.0061926
5.05 0.005731
5.055 0.005085
5.06 0.0045008
5.065 0.0039968
5.07 0.0035037
5.075 0.0030669
5.08 0.0028252
5.085 0.0027576
5.09 0.0028098
5.095 0.002934
5.1 0.0030737
5.105 0.0029866
5.11 0.0026312
5.115 0.0021335
5.12 0.0015848
5.125 0.0010159
5.13 0.00034786
5.135 -0.0003978
5.14 -0.0011412
5.145 -0.001726
5.15 -0.0021347
5.155 -0.0024324
5.16 -0.0027696
5.165 -0.0032518
5.17 -0.0038657
5.175 -0.004544
5.18 -0.0053286
5.185 -0.0062539
5.19 -0.007254
5.195 -0.0081659
5.2 -0.0089036
5.205 -0.0094719
5.21 -0.009831
5.215 -0.010026
5.22 -0.010074
5.225 -0.0098912
5.23 -0.0094935
5.235 -0.0089767
5.24 -0.0084229
5.245 -0.0075967
5.25 -0.0065773
5.255 -0.0056456
5.26 -0.004812
5.265 -0.0039609
5.27 -0.0030619
5.275 -0.0021768
5.28 -0.0014643
5.285 -0.00095697
5.29 -0.00071618
5.295 -0.00071908
5.3 -0.00083686
5.305 -0.0010776
5.31 -0.0014227
5.315 -0.0018674
5.32 -0.0024146
5.325 -0.0031154
5.33 -0.00412
5.335 -0.0054051
5.34 -0.006723
5.345 -0.0078162
5.35 -0.0086609
5.355 -0.009067
5.36 -0.0091512
5.365 -0.008989
5.37 -0.0086462
5.375 -0.0082066
5.38 -0.0077725
5.385 -0.0074225
5.39 -0.0072918
5.395 -0.0073701
5.4 -0.0075381
5.405 -0.0076969
5.41 -0.0078096
5.415 -0.0080097
5.42 -0.0083014
5.425 -0.0086073
5.43 -0.008909
5.435 -0.0092435
5.44 -0.0096367
5.445 -0.0099548
5.45 -0.010109
5.455 -0.010313
5.46 -0.0106
5.465 -0.010674
5.47 -0.010301
5.475 -0.0095856
5.48 -0.0086232
5.485 -0.0075303
5.49 -0.0063697
5.495 -0.0052213
5.5 -0.0041367
5.505 -0.0029558
5.51 -0.0016123
5.515 -0.00042121
5.52 0.00051565
5.525 0.0011189
5.53 0.0014894
5.535 0.0016813
5.54 0.0017534
5.545 0.0017978
5.55 0.0015623
5.555 0.0009875
5.56 0.00017358
5.565 -0.00065511
5.57 -0.0013547
5.575 -0.0017465
5.58 -0.0018437
5.585 -0.0017435
5.59 -0.0015446
5.595 -0.0013186
5.6 -0.0010825
5.605 -0.00084695
5.61 -0.00062075
5.615 -0.00036467
5.62 -6.1781e-005
5.625 0.00015926
5.63 0.00023323
5.635 0.00015973
5.64 -3.5345e-005
5.645 -0.00034952
5.65 -0.00070687
5.655 -0.0010421
5.66 -0.0014028
5.665 -0.0016833
5.67 -0.0018042
5.675 -0.0018468
5.68 -0.0019451
5.685 -0.0021871
5.69 -0.0024651
5.695 -0.0026521
5.7 -0.0028083
5.705 -0.0029841
5.71 -0.003115
5.715 -0.0030292
5.72 -0.0027
5.725 -0.0020948
5.73 -0.0012708
5.735 -0.00020241
5.74 0.0010634
5.745 0.0024713
5.75 0.0038872
5.755 0.0051904
5.76 0.006164
5.765 0.0068334
5.77 0.0070658
5.775 0.0070182
5.78 0.0069066
5.785 0.0067824
5.79 0.0066782
5.795 0.0067016
5.8 0.006907
5.805 0.0072889
5.81 0.0077764
5.815 0.0082917
5.82 0.0087786
5.825 0.0091931
5.83 0.009417
5.835 0.0094636
5.84 0.0093786
5.845 0.0092433
5.85 0.0091588
5.855 0.0090546
5.86 0.0088628
5.865 0.0085003
5.87 0.0080528
5.875 0.0076177
5.88 0.0073297
5.885 0.0072014
5.89 0.0072333
5.895 0.00734
5.9 0.0074538
5.905 0.0074464
5.91 0.0073096
5.915 0.0069902
5.92 0.0064751
5.925 0.0057762
5.93 0.0049501
5.935 0.0041057
5.94 0.0032406
5.945 0.0023388
5.95 0.0014281
5.955 0.00060103
5.96 -0.00015227
5.965 -0.00097089
5.97 -0.001796
5.975 -0.0025054
5.98 -0.0029975
5.985 -0.0033738
5.99 -0.0037444
5.995 -0.0041102
6 -0.0044198
6.005 -0.0045762
6.01 -0.0045428
6.015 -0.0043904
6.02 -0.00418
6.025 -0.0039825
6.03 -0.0038882
6.035 -0.003826
6.04 -0.0036862
6.045 -0.0035808
6.05 -0.0035753
6.055 -0.0035608
6.06 -0.0034358
6.065 -0.0031808
6.07 -0.0027535
6.075 -0.0021782
6.08 -0.0015656
6.085 -0.00096228
6.09 -0.00018731
6.095 0.00077231
6.1 0.0017608
6.105 0.0027022
6.11 0.0036465
6.115 0.0044675
6.12 0.0049407
6.125 0.0049952
6.13 0.0047794
6.135 0.0045463
6.14 0.0044638
6.145 0.0046388
6.15 0.0050253
6.155 0.0054961
6.16 0.0060806
6.165 0.0067414
6.17 0.0073114
6.175 0.0076867
6.18 0.0078474
6.185 0.0078329
6.19 0.007703
6.195 0.0073631
6.2 0.0068792
6.205 0.0063541
6.21 0.0058567
6.215 0.0054142
6.22 0.0050068
6.225 0.0046152
6.23 0.0042629
6.235 0.0039868
6.24 0.0037611
6.245 0.0034546
6.25 0.0030009
6.255 0.002314
6.26 0.0013848
6.265 0.00032967
6.27 -0.00083501
6.275 -0.0020817
6.28 -0.0033569
6.285 -0.0046235
6.29 -0.0057857
6.295 -0.00674
6.3 -0.0074394
6.305 -0.007994
6.31 -0.0083636
6.315 -0.0085493
6.32 -0.0086245
6.325 -0.0086406
6.33 -0.0086481
6.335 -0.0086208
6.34 -0.0086266
6.345 -0.0087585
6.35 -0.0089797
6.355 -0.0091691
6.36 -0.0091548
6.365 -0.008949
6.37 -0.0086566
6.375 -0.008203
6.38 -0.0075443
6.385 -0.0066714
6.39 -0.0057034
6.395 -0.0047116
6.4 -0.0037809
6.405 -0.0030672
6.41 -0.0026035
6.415 -0.0023802
6.42 -0.0024934
6.425 -0.0028134
6.43 -0.003129
6.435 -0.0033457
6.44 -0.0034715
6.445 -0.0034279
6.45 -0.0032189
6.455 -0.0028707
6.46 -0.0024687
6.465 -0.0020749
6.47 -0.0016974
6.475 -0.0013451
6.48 -0.0011587
6.485 -0.0011617
6.49 -0.001388
6.495 -0.0017769
6.5 -0.0021724
6.505 -0.0023848
6.51 -0.0024542
6.515 -0.0025189
6.52 -0.0025194
6.525 -0.0023858
6.53 -0.0020226
6.535 -0.0015007
6.54 -0.000941
6.545 -0.00050351
6.55 -0.0002848
6.555 -0.0002048
6.56 -0.00012942
6.565 -0.00013847
6.57 -0.00019488
6.575 -0.00014084
6.58 0.00015355
6.585 0.00059288
6.59 0.0010267
6.595 0.0014123
6.6 0.0017752
6.605 0.0021603
6.61 0.0025567
6.615 0.0028595
6.62 0.0029655
6.625 0.0029928
6.63 0.0030755
6.635 0.0032085
6.64 0.0033135
6.645 0.0032406
6.65 0.0030205
6.655 0.0028228
6.66 0.0026701
6.665 0.0025039
6.67 0.0023645
6.675 0.0023273
6.68 0.0024694
6.685 0.0027314
6.69 0.0029985
6.695 0.0033475
6.7 0.0038022
6.705 0.0043348
6.71 0.0048317
6.715 0.0051965
6.72 0.0054112
6.725 0.0055234
6.73 0.005516
6.735 0.0054564
6.74 0.005426
6.745 0.0054021
6.75 0.0053484
6.755 0.0053163
6.76 0.0053528
6.765 0.005477
6.77 0.0056321
6.775 0.0057555
6.78 0.0058114
6.785 0.0058163
6.79 0.0057217
6.795 0.0054827
6.8 0.0050817
6.805 0.0044688
6.81 0.0037081
6.815 0.0028387
6.82 0.001924
6.825 0.0010439
6.83 0.00037004
6.835 -0.00010389
6.84 -0.00038532
6.845 -0.00034704
6.85 -1.6759e-005
6.855 0.00046956
6.86 0.00091544
6.865 0.0012242
6.87 0.0014387
6.875 0.0015969
6.88 0.0016232
6.885 0.0015352
6.89 0.0013235
6.895 0.0010359
6.9 0.00073194
6.905 0.00042149
6.91 0.00011866
6.915 -3.6799e-005
6.92 -4.3907e-005
6.925 5.8609e-006
6.93 0.00012054
6.935 0.0002851
6.94 0.00042682
6.945 0.0004806
6.95 0.00041417
6.955 0.00020879
6.96 -0.00010941
6.965 -0.00051078
6.97 -0.00091017
6.975 -0.001243
6.98 -0.001579
6.985 -0.001959
6.99 -0.0023132
6.995 -0.0025492
7 -0.0026282
7.005 -0.0025212
7.01 -0.0023229
7.015 -0.0020756
7.02 -0.0017898
7.025 -0.0014619
7.03 -0.0010777
7.035 -0.00067723
7.04 -0.00056227
7.045 -0.00070933
7.05 -0.00093143
7.055 -0.0011376
7.06 -0.0013142
7.065 -0.0014607
7.07 -0.0015722
7.075 -0.001612
7.08 -0.0015567
7.085 -0.0014487
7.09 -0.0013232
7.095 -0.0011818
7.1 -0.00097596
7.105 -0.00077327
7.11 -0.00068284
7.115 -0.00075431
7.12 -0.0009463
7.125 -0.0012281
7.13 -0.0014894
7.135 -0.0016289
7.14 -0.0016869
7.145 -0.0017373
7.15 -0.001822
7.155 -0.0019407
7.16 -0.0020862
7.165 -0.0022036
7.17 -0.0022669
7.175 -0.0022629
7.18 -0.0022448
7.185 -0.002266
7.19 -0.0023202
7.195 -0.0023776
7.2 -0.0025014
7.205 -0.0026984
7.21 -0.002925
7.215 -0.0030758
7.22 -0.0030886
7.225 -0.0027636
7.23 -0.0022386
7.235 -0.0017579
7.24 -0.0013686
7.245 -0.0010284
7.25 -0.00083866
7.255 -0.00081734
7.26 -0.00086541
7.265 -0.00091762
7.27 -0.00096011
7.275 -0.00089198
7.28 -0.00067637
7.285 -0.00034604
7.29 5.1167e-005
7.295 0.00048828
7.3 0.00089168
7.305 0.001205
7.31 0.0012821
7.315 0.0011463
7.32 0.00092227
7.325 0.00055702
7.33 2.4244e-005
7.335 -0.00062924
7.34 -0.0013208
7.345 -0.0020368
7.35 -0.0026721
7.355 -0.0032084
7.36 -0.0037289
7.365 -0.0042207
7.37 -0.0046235
7.375 -0.0048655
7.38 -0.0049958
7.385 -0.0050535
7.39 -0.0050038
7.395 -0.0048543
7.4 -0.0045675
7.405 -0.0041982
7.41 -0.0038446
7.415 -0.0035375
7.42 -0.0032578
7.425 -0.0030934
7.43 -0.0030452
7.435 -0.0030345
7.44 -0.0030584
7.445 -0.003175
7.45 -0.0033337
7.455 -0.0034554
7.46 -0.0035217
7.465 -0.003518
7.47 -0.0034103
7.475 -0.0031864
7.48 -0.0029145
7.485 -0.0026383
7.49 -0.0023687
7.495 -0.0021051
7.5 -0.0018147
7.505 -0.0014921
7.51 -0.0011977
7.515 -0.00093996
7.52 -0.00066257
7.525 -0.00033919
7.53 1.3744e-005
7.535 0.0004047
7.54 0.00080761
7.545 0.0011477
7.55 0.0014436
7.555 0.0017501
7.56 0.0020228
7.565 0.0022248
7.57 0.0022779
7.575 0.0021794
7.58 0.0019703
7.585 0.001641
7.59 0.0012174
7.595 0.0008008
7.6 0.0004444
7.605 0.00018355
7.61 5.3737e-005
7.615 7.9047e-005
7.62 0.00025415
7.625 0.00051324
7.63 0.00079283
7.635 0.0010616
7.64 0.0013491
7.645 0.0016077
7.65 0.0017871
7.655 0.0018229
7.66 0.0017706
7.665 0.0017559
7.67 0.001879
7.675 0.0021749
7.68 0.002552
7.685 0.0029014
7.69 0.0032495
7.695 0.0035706
7.7 0.0037888
7.705 0.003956
7.71 0.004143
7.715 0.0042517
7.72 0.0042317
7.725 0.004118
7.73 0.0040074
7.735 0.0039598
7.74 0.0040295
7.745 0.0041899
7.75 0.0043866
7.755 0.0045828
7.76 0.0047655
7.765 0.0048989
7.77 0.0049881
7.775 0.005096
7.78 0.0051621
7.785 0.0050802
7.79 0.004896
7.795 0.0047096
7.8 0.0045049
7.805 0.0042861
7.81 0.004111
7.815 0.0039771
7.82 0.0038459
7.825 0.003735
7.83 0.003608
7.835 0.0033396
7.84 0.0029016
7.845 0.0023721
7.85 0.0017002
7.855 0.00091623
7.86 9.9626e-005
7.865 -0.00069288
7.87 -0.0014038
7.875 -0.0019481
7.88 -0.0024032
7.885 -0.0028907
7.89 -0.0033698
7.895 -0.0037843
7.9 -0.0041201
7.905 -0.0043987
7.91 -0.0046364
7.915 -0.0047752
7.92 -0.0048096
7.925 -0.0047837
7.93 -0.0046465
7.935 -0.0043647
7.94 -0.0038235
7.945 -0.0030781
7.95 -0.0022569
7.955 -0.0014173
7.96 -0.00054499
7.965 0.00024401
7.97 0.00085657
7.975 0.001287
7.98 0.0015853
7.985 0.0017266
7.99 0.0016952
7.995 0.0015037
8 0.0012323
8.005 0.00098488
8.01 0.00077292
8.015 0.00061083
8.02 0.00053277
8.025 0.00060774
8.03 0.00079775
8.035 0.0012134
8.04 0.0016784
8.045 0.0019053
8.05 0.0019576
8.055 0.0020138
8.06 0.0020673
8.065 0.0020706
8.07 0.0020098
8.075 0.0019027
8.08 0.0017804
8.085 0.001573
8.09 0.0012983
8.095 0.0010237
8.1 0.00072823
8.105 0.00038641
8.11 8.0889e-005
8.115 -0.00018838
8.12 -0.00048826
8.125 -0.00071827
8.13 -0.0008293
8.135 -0.00081865
8.14 -0.00072279
8.145 -0.00056803
8.15 -0.00033099
8.155 -3.5986e-005
8.16 0.00013922
8.165 0.00010746
8.17 -8.5637e-005
8.175 -0.00037419
8.18 -0.00071253
8.185 -0.0012086
8.19 -0.0018229
8.195 -0.0024277
8.2 -0.0028426
8.205 -0.0030466
8.21 -0.0030917
8.215 -0.0031159
8.22 -0.0032156
8.225 -0.0033432
8.23 -0.0034576
8.235 -0.0035989
8.24 -0.0037639
8.245 -0.0039024
8.25 -0.0040001
8.255 -0.0040781
8.26 -0.0041544
8.265 -0.0041408
8.27 -0.0039931
8.275 -0.0037253
8.28 -0.0034025
8.285 -0.0030526
8.29 -0.0026413
8.295 -0.0021377
8.3 -0.0017023
8.305 -0.0014028
8.31 -0.0011056
8.315 -0.00078536
8.32 -0.00053406
8.325 -0.00043533
8.33 -0.00046361
8.335 -0.00056286
8.34 -0.0006583
8.345 -0.00072399
8.35 -0.00083068
8.355 -0.0010173
8.36 -0.0012416
8.365 -0.001478
8.37 -0.0017533
8.375 -0.0021077
8.38 -0.0025098
8.385 -0.002929
8.39 -0.0033327
8.395 -0.0036886
8.4 -0.0039256
8.405 -0.0040434
8.41 -0.004062
8.415 -0.0039863
8.42 -0.0038516
8.425 -0.0037271
8.43 -0.0036269
8.435 -0.0034852
8.44 -0.003295
8.445 -0.0030954
8.45 -0.0029431
8.455 -0.0028461
8.46 -0.0027926
8.465 -0.0027373
8.47 -0.0026494
8.475 -0.0025639
8.48 -0.0025003
8.485 -0.0023827
8.49 -0.0022008
8.495 -0.0020038
8.5 -0.0017925
8.505 -0.0015553
8.51 -0.0012033
8.515 -0.00077944
8.52 -0.00038797
8.525 2.2388e-005
8.53 0.0005039
8.535 0.00092882
8.54 0.0012292
8.545 0.001403
8.55 0.0014528
8.555 0.0014247
8.56 0.0013488
8.565 0.001273
8.57 0.0012275
8.575 0.001237
8.58 0.0012914
8.585 0.0013557
8.59 0.0013902
8.595 0.0013866
8.6 0.0013588
8.605 0.0013226
8.61 0.0012585
8.615 0.0012326
8.62 0.0013336
8.625 0.0015527
8.63 0.0017992
8.635 0.0020806
8.64 0.0023537
8.645 0.0025377
8.65 0.0026323
8.655 0.0026842
8.66 0.0026874
8.665 0.0027124
8.67 0.0028506
8.675 0.0030769
8.68 0.0033081
8.685 0.0035668
8.69 0.0038574
8.695 0.0041455
8.7 0.0044435
8.705 0.0047573
8.71 0.004978
8.715 0.0050786
8.72 0.0050623
8.725 0.0049708
8.73 0.0048754
8.735 0.0048539
8.74 0.004872
8.745 0.0048412
8.75 0.0047777
8.755 0.0047274
8.76 0.0046834
8.765 0.0046152
8.77 0.0045147
8.775 0.0043869
8.78 0.0042582
8.785 0.0041644
8.79 0.0040901
8.795 0.0040437
8.8 0.0040703
8.805 0.004088
8.81 0.0040447
8.815 0.0039947
8.82 0.0039776
8.825 0.003921
8.83 0.0038155
8.835 0.0037156
8.84 0.0035648
8.845 0.0033084
8.85 0.0029328
8.855 0.0024663
8.86 0.0019168
8.865 0.001285
8.87 0.00064608
8.875 9.7004e-005
8.88 -0.00038726
8.885 -0.00087714
8.89 -0.0013162
8.895 -0.0016839
8.9 -0.0020157
8.905 -0.0023383
8.91 -0.002652
8.915 -0.0029161
8.92 -0.0031192
8.925 -0.0032786
8.93 -0.0034295
8.935 -0.0035689
8.94 -0.0036227
8.945 -0.0035832
8.95 -0.00348
8.955 -0.0032939
8.96 -0.0030347
8.965 -0.0027106
8.97 -0.0023681
8.975 -0.0020548
8.98 -0.0018083
8.985 -0.0016368
8.99 -0.0015638
8.995 -0.0015666
9 -0.0016094
9.005 -0.0016828
9.01 -0.0017459
9.015 -0.0017358
9.02 -0.0016449
9.025 -0.0015258
9.03 -0.0013929
9.035 -0.0012338
9.04 -0.0010164
9.045 -0.00087429
9.05 -0.00089425
9.055 -0.00098268
9.06 -0.0010493
9.065 -0.0011264
9.07 -0.001236
9.075 -0.0013524
9.08 -0.0014188
9.085 -0.0014407
9.09 -0.001457
9.095 -0.0014773
9.1 -0.0014952
9.105 -0.0015418
9.11 -0.0016083
9.115 -0.0016569
9.12 -0.0016524
9.125 -0.0016073
9.13 -0.0015106
9.135 -0.0013736
9.14 -0.0012205
9.145 -0.0010543
9.15 -0.00088867
9.155 -0.00079206
9.16 -0.00075506
9.165 -0.00072185
9.17 -0.00070772
9.175 -0.00067982
9.18 -0.00050729
9.185 -0.00025648
9.19 -8.4306e-005
9.195 -4.0328e-005
9.2 -3.209e-005
9.205 7.4417e-005
9.21 0.0002286
9.215 0.00032878
9.22 0.00035646
9.225 0.00036183
9.23 0.00037853
9.235 0.0004128
9.24 0.00045444
9.245 0.00050232
9.25 0.00056966
9.255 0.00069753
9.26 0.00090717
9.265 0.0011705
9.27 0.0014582
9.275 0.0017424
9.28 0.0019882
9.285 0.0021562
9.29 0.0022506
9.295 0.0023001
9.3 0.0023168
9.305 0.0022657
9.31 0.0021574
9.315 0.0020431
9.32 0.0019524
9.325 0.0018673
9.33 0.0017361
9.335 0.0015479
9.34 0.0013375
9.345 0.0011929
9.35 0.0011344
9.355 0.0011292
9.36 0.0011412
9.365 0.0011512
9.37 0.0011871
9.375 0.0012216
9.38 0.0011922
9.385 0.0010999
9.39 0.00098091
9.395 0.00083251
9.4 0.00065073
9.405 0.0004455
9.41 0.00023001
9.415 2.464e-005
9.42 -0.0001606
9.425 -0.00029751
9.43 -0.00037894
9.435 -0.00035581
9.44 -0.00026069
9.445 -0.00011876
9.45 6.2509e-005
9.455 0.00026208
9.46 0.00044402
9.465 0.00059095
9.47 0.00068415
9.475 0.00073264
9.48 0.000762
9.485 0.00074957
9.49 0.00072254
9.495 0.00073562
9.5 0.00079573
9.505 0.00087787
9.51 0.0009464
9.515 0.00098871
9.52 0.0010091
9.525 0.0010496
9.53 0.0011229
9.535 0.0012428
9.54 0.0013604
9.545 0.0014059
9.55 0.0012616
9.555 0.00097501
9.56 0.0006295
9.565 0.00029374
9.57 9.5275e-006
9.575 -0.00015136
9.58 -0.00018581
9.585 -0.00011487
9.59 3.8518e-005
9.595 0.00027278
9.6 0.00060102
9.605 0.00096207
9.61 0.0012495
9.615 0.0014418
9.62 0.0015812
9.625 0.0016895
9.63 0.0017788
9.635 0.0018832
9.64 0.0020056
9.645 0.0021154
9.65 0.0022051
9.655 0.0022777
9.66 0.0022914
9.665 0.0022239
9.67 0.0020313
9.675 0.0017946
9.68 0.0016204
9.685 0.0014591
9.69 0.0012501
9.695 0.00098533
9.7 0.00072316
9.705 0.00050377
9.71 0.00038748
9.715 0.00034956
9.72 0.00034108
9.725 0.00035845
9.73 0.00040403
9.735 0.00040513
9.74 0.00034353
9.745 0.00025255
9.75 0.00011608
9.755 -7.4218e-005
9.76 -0.00024505
9.765 -0.00036815
9.77 -0.0004738
9.775 -0.00054573
9.78 -0.00055767
9.785 -0.00046152
9.79 -0.00030598
9.795 -0.00016609
9.8 -2.9847e-005
9.805 0.00013219
9.81 0.00032586
9.815 0.00051531
9.82 0.00065958
9.825 0.00074509
9.83 0.00079479
9.835 0.00080761
9.84 0.00079294
9.845 0.00073501
9.85 0.00062434
9.855 0.00047158
9.86 0.00021179
9.865 -0.00018476
9.87 -0.00070023
9.875 -0.0012564
9.88 -0.0017915
9.885 -0.0024407
9.89 -0.0031132
9.895 -0.0036364
9.9 -0.0039299
9.905 -0.0040816
9.91 -0.0041856
9.915 -0.004201
9.92 -0.0041
9.925 -0.0039259
9.93 -0.0037518
9.935 -0.0036179
9.94 -0.0035375
9.945 -0.003499
9.95 -0.0035413
9.955 -0.0036566
9.96 -0.0037948
9.965 -0.0038775
9.97 -0.0038857
9.975 -0.0039167
9.98 -0.0039849
9.985 -0.0039946
9.99 -0.0038963
9.995 -0.0037303
10 -0.0034869
10.005 -0.0031731
10.01 -0.0027591
10.015 -0.0024239
10.02 -0.0023108
10.025 -0.0023546
10.03 -0.0023896
10.035 -0.0022714
10.04 -0.0020856
10.045 -0.0019713
10.05 -0.001996
10.055 -0.0020672
10.06 -0.0020264
10.065 -0.0018703
10.07 -0.0016814
10.075 -0.001513
10.08 -0.0013629
10.085 -0.0011671
10.09 -0.00099404
10.095 -0.00096455
10.1 -0.0010181
10.105 -0.0010464
10.11 -0.0010559
10.115 -0.0010709
10.12 -0.0010701
10.125 -0.0010675
10.13 -0.0010909
10.135 -0.0011586
10.14 -0.0012475
10.145 -0.0013111
10.15 -0.0013406
10.155 -0.0013564
10.16 -0.0013763
10.165 -0.0014007
10.17 -0.0014229
10.175 -0.0014034
10.18 -0.0013087
10.185 -0.0011938
10.19 -0.0011173
10.195 -0.0011022
10.2 -0.0011275
10.205 -0.0011664
10.21 -0.0012104
10.215 -0.0012577
10.22 -0.0013562
10.225 -0.0014725
10.23 -0.0015326
10.235 -0.0014905
10.24 -0.0013695
10.245 -0.0012154
10.25 -0.0010537
10.255 -0.00087676
10.26 -0.00071481
10.265 -0.00059374
10.27 -0.00049233
10.275 -0.00039128
10.28 -0.00030688
10.285 -0.00022927
10.29 -0.00013964
10.295 -6.9172e-005
10.3 -2.3733e-005
10.305 3.2692e-005
10.31 8.3218e-005
10.315 8.6364e-005
10.32 0.00010236
10.325 0.00017381
10.33 0.00029395
10.335 0.00042926
10.34 0.00055673
10.345 0.00067458
10.35 0.00078435
10.355 0.00088815
10.36 0.00098558
10.365 0.001074
10.37 0.0011333
10.375 0.001164
10.38 0.0011855
10.385 0.0011949
10.39 0.0011388
10.395 0.0010629
10.4 0.0010501
10.405 0.001123
10.41 0.0012297
10.415 0.0013302
10.42 0.0014367
10.425 0.0015794
10.43 0.0017306
10.435 0.0018462
10.44 0.0018433
10.445 0.0017362
10.45 0.0015892
10.455 0.0014588
10.46 0.0013616
10.465 0.0012844
10.47 0.001242
10.475 0.0013226
10.48 0.0015214
10.485 0.0017531
10.49 0.0020211
10.495 0.002296
10.5 0.002463
10.505 0.0025124
10.51 0.00249
10.515 0.0023248
10.52 0.0020435
10.525 0.0017133
10.53 0.0013494
10.535 0.00094871
10.54 0.00059522
10.545 0.00037787
10.55 0.00018045
10.555 -0.00010431
10.56 -0.00038022
10.565 -0.00053438
10.57 -0.00055492
10.575 -0.00054316
10.58 -0.00056989
10.585 -0.00055706
10.59 -0.00046933
10.595 -0.00032349
10.6 -0.00017825
10.605 -6.8023e-005
10.61 6.0871e-005
10.615 0.00023494
10.62 0.00042792
10.625 0.0006162
10.63 0.00079638
10.635 0.00092026
10.64 0.00099205
10.645 0.0011032
10.65 0.0012459
10.655 0.0013163
10.66 0.0012756
10.665 0.0011739
10.67 0.0010342
10.675 0.00090946
10.68 0.00087646
10.685 0.00087836
10.69 0.00082852
10.695 0.00070934
10.7 0.00058186
10.705 0.00053932
10.71 0.00059205
10.715 0.00070413
10.72 0.00076189
10.725 0.00073866
10.73 0.00071844
10.735 0.00074313
10.74 0.00078765
10.745 0.0008143
10.75 0.00080725
10.755 0.00083443
10.76 0.00094641
10.765 0.0011845
10.77 0.0014943
10.775 0.0017793
10.78 0.0020307
10.785 0.0022863
10.79 0.0025051
10.795 0.0026415
10.8 0.0026831
10.805 0.002692
10.81 0.0027193
10.815 0.0027259
10.82 0.0026812
10.825 0.002609
10.83 0.0025538
10.835 0.0025482
10.84 0.00259
10.845 0.0026397
10.85 0.002584
10.855 0.0024276
10.86 0.0022992
10.865 0.0022266
10.87 0.002151
10.875 0.0020457
10.88 0.0019348
10.885 0.0018655
10.89 0.0018423
10.895 0.0018401
10.9 0.0018746
10.905 0.0019453
10.91 0.0019601
10.915 0.0018915
10.92 0.0017518
10.925 0.0015143
10.93 0.0011884
10.935 0.00076526
10.94 0.00026708
10.945 -0.00030164
10.95 -0.00084891
10.955 -0.0013037
10.96 -0.0016641
10.965 -0.001921
10.97 -0.0020386
10.975 -0.0020788
10.98 -0.0021195
10.985 -0.0021125
10.99 -0.0020392
10.995 -0.0019095
11 -0.0017327
11.005 -0.0015287
11.01 -0.0012969
11.015 -0.0010435
11.02 -0.00073995
11.025 -0.00043962
11.03 -0.00022015
11.035 -1.5351e-005
11.04 0.00024072
11.045 0.00043867
11.05 0.00052652
11.055 0.00051455
11.06 0.00046353
11.065 0.00043546
11.07 0.0004565
11.075 0.00051525
11.08 0.00059044
11.085 0.000628
11.09 0.00057439
11.095 0.00047555
11.1 0.00039067
11.105 0.00031252
11.11 0.00022496
11.115 0.00013378
11.12 -3.9669e-005
11.125 -0.0002957
11.13 -0.00057589
11.135 -0.00080081
11.14 -0.00092527
11.145 -0.00095838
11.15 -0.00096285
11.155 -0.00095589
11.16 -0.00094443
11.165 -0.00094365
11.17 -0.00096321
11.175 -0.0010002
11.18 -0.0010442
11.185 -0.0011185
11.19 -0.0012626
11.195 -0.0014826
11.2 -0.0017401
11.205 -0.0019344
11.21 -0.0020312
11.215 -0.002059
11.22 -0.0020428
11.225 -0.0019965
11.23 -0.0019259
11.235 -0.0018364
11.24 -0.0017077
11.245 -0.0015102
11.25 -0.0012525
11.255 -0.00091034
11.26 -0.00052723
11.265 -0.0002024
11.27 7.8987e-005
11.275 0.00038203
11.28 0.00062523
11.285 0.00076828
11.29 0.00080655
11.295 0.00075577
11.3 0.0006261
11.305 0.00045504
11.31 0.00028376
11.315 0.00010019
11.32 -9.9675e-005
11.325 -0.00030324
11.33 -0.00046421
11.335 -0.00056654
11.34 -0.00065393
11.345 -0.00077365
11.35 -0.00096059
11.355 -0.0011826
11.36 -0.0013785
11.365 -0.0014185
11.37 -0.0013587
11.375 -0.0013406
11.38 -0.0013475
11.385 -0.001316
11.39 -0.0012763
11.395 -0.001253
11.4 -0.0011953
11.405 -0.0011292
11.41 -0.0011111
11.415 -0.0010379
11.42 -0.0008505
11.425 -0.00059658
11.43 -0.00035006
11.435 -0.0001389
11.44 6.4752e-005
11.445 0.00028011
11.45 0.00050505
11.455 0.00072561
11.46 0.00094035
11.465 0.0011386
11.47 0.0012194
11.475 0.0012113
11.48 0.0012143
11.485 0.0012137
11.49 0.0011735
11.495 0.0011314
11.5 0.0011167
11.505 0.001094
11.51 0.0010578
11.515 0.0010201
11.52 0.000935
11.525 0.00081068
11.53 0.00075219
11.535 0.00079942
11.54 0.00092007
11.545 0.00090952
11.55 0.000727
11.555 0.00049245
11.56 0.00029052
11.565 0.00011648
11.57 -5.678e-005
11.575 -0.0002387
11.58 -0.0004608
11.585 -0.00069692
11.59 -0.00089296
11.595 -0.00097244
11.6 -0.00096576
11.605 -0.00095618
11.61 -0.00099689
11.615 -0.0010973
11.62 -0.0012131
11.625 -0.0013174
11.63 -0.0014456
11.635 -0.0016277
11.64 -0.0018567
11.645 -0.002072
11.65 -0.0022399
11.655 -0.0024395
11.66 -0.0026754
11.665 -0.0028901
11.67 -0.0031196
11.675 -0.0033962
11.68 -0.0035722
11.685 -0.0036232
11.69 -0.0036471
11.695 -0.0036724
11.7 -0.0036765
11.705 -0.003627
11.71 -0.0035201
11.715 -0.0033618
11.72 -0.0031898
11.725 -0.003032
11.73 -0.0028792
11.735 -0.0027107
11.74 -0.0025037
11.745 -0.0022566
11.75 -0.0019901
11.755 -0.0017066
11.76 -0.001412
11.765 -0.0011097
11.77 -0.00083285
11.775 -0.00061668
11.78 -0.00043253
11.785 -0.00024356
11.79 -7.4007e-005
11.795 5.2827e-005
11.8 0.00011254
11.805 0.00012268
11.81 0.00012617
11.815 0.00015024
11.82 0.00018216
11.825 0.00018208
11.83 0.00015443
11.835 0.00012562
11.84 8.6414e-005
11.845 2.9142e-005
11.85 -3.4464e-005
11.855 -8.1091e-005
11.86 -9.4776e-005
11.865 -8.7298e-005
11.87 -7.6097e-005
11.875 -2.3815e-005
11.88 8.9603e-005
11.885 0.00024516
11.89 0.00034728
11.895 0.00037522
11.9 0.00044127
11.905 0.0005906
11.91 0.00078832
11.915 0.00097815
11.92 0.0011437
11.925 0.0013097
11.93 0.0014936
11.935 0.0016978
11.94 0.001922
11.945 0.002162
11.95 0.0023558
11.955 0.0024961
11.96 0.0027026
11.965 0.0029782
11.97 0.0032398
11.975 0.0034782
11.98 0.00372
11.985 0.0039049
11.99 0.0040057
11.995 0.0039976
12 0.0038821
12.005 0.0037107
12.01 0.0034959
12.015 0.0032565
12.02 0.003022
12.025 0.0028403
12.03 0.0027189
12.035 0.0026453
12.04 0.0026322
12.045 0.0027707
12.05 0.0029825
12.055 0.0031281
12.06 0.0031796
12.065 0.003198
12.07 0.0031958
12.075 0.0031828
12.08 0.0031828
12.085 0.00317
12.09 0.0031271
12.095 0.003069
12.1 0.0030204
12.105 0.0029866
12.11 0.0029531
12.115 0.0029006
12.12 0.0027766
12.125 0.0025639
12.13 0.0022571
12.135 0.00193
12.14 0.001651
12.145 0.0013628
12.15 0.0010611
12.155 0.000833
12.16 0.00069273
12.165 0.00057797
12.17 0.00047439
12.175 0.00040215
12.18 0.00040658
12.185 0.00041922
12.19 0.00036564
12.195 0.00022359
12.2 2.9219e-005
12.205 -0.00020091
12.21 -0.00044704
12.215 -0.00068643
12.22 -0.00084313
12.225 -0.00090751
12.23 -0.00092501
12.235 -0.00090828
12.24 -0.00083203
12.245 -0.0006898
12.25 -0.00052388
12.255 -0.00034593
12.26 -0.00022899
12.265 -0.0002486
12.27 -0.00028086
12.275 -0.00021396
12.28 -0.00013759
12.285 -0.00012505
12.29 -0.00015988
12.295 -0.00019672
12.3 -0.00020901
12.305 -0.00014037
12.31 -2.134e-005
12.315 8.5549e-005
12.32 0.00018144
12.325 0.00028846
12.33 0.00041329
12.335 0.00053069
12.34 0.00059945
12.345 0.00062427
12.35 0.00063468
12.355 0.00066539
12.36 0.00071926
12.365 0.00076266
12.37 0.00079769
12.375 0.00084623
12.38 0.0008859
12.385 0.00089509
12.39 0.00092238
12.395 0.00097245
12.4 0.0009945
12.405 0.00098095
12.41 0.00095786
12.415 0.00090218
12.42 0.00080892
12.425 0.00070392
12.43 0.00061085
12.435 0.00052463
12.44 0.00036739
12.445 0.00014256
12.45 -6.0641e-005
12.455 -0.00023542
12.46 -0.00043223
12.465 -0.0006282
12.47 -0.00080119
12.475 -0.00098812
12.48 -0.0011616
12.485 -0.0012644
12.49 -0.0013261
12.495 -0.0013805
12.5 -0.0013748
12.505 -0.0013273
12.51 -0.0012977
12.515 -0.0012826
12.52 -0.0012621
12.525 -0.0012836
12.53 -0.0013698
12.535 -0.0015006
12.54 -0.0016198
12.545 -0.0017109
12.55 -0.0018784
12.555 -0.0020892
12.56 -0.0022228
12.565 -0.0022461
12.57 -0.0022282
12.575 -0.0022105
12.58 -0.0021914
12.585 -0.0021664
12.59 -0.0021699
12.595 -0.0022098
12.6 -0.0022531
12.605 -0.0022933
12.61 -0.0023302
12.615 -0.0022441
12.62 -0.0020501
12.625 -0.0020507
12.63 -0.0021689
12.635 -0.0021053
12.64 -0.0018806
12.645 -0.0016659
12.65 -0.0014655
12.655 -0.0012618
12.66 -0.001083
12.665 -0.00090214
12.67 -0.00068824
12.675 -0.00041719
12.68 -0.00013077
12.685 0.00010993
12.69 0.00025239
12.695 0.00030706
12.7 0.00032943
12.705 0.00033021
12.71 0.00023905
12.715 9.3559e-005
12.72 -2.285e-005
12.725 -0.00013092
12.73 -0.00026617
12.735 -0.00043161
12.74 -0.00061835
12.745 -0.00081928
12.75 -0.001035
12.755 -0.0012676
12.76 -0.0015234
12.765 -0.0017918
12.77 -0.002049
12.775 -0.0022622
12.78 -0.002436
12.785 -0.0025841
12.79 -0.002705
12.795 -0.0027994
12.8 -0.0028039
12.805 -0.0027489
12.81 -0.0027021
12.815 -0.0026659
12.82 -0.0026152
12.825 -0.0025482
12.83 -0.0024778
12.835 -0.0023985
12.84 -0.0022731
12.845 -0.0021244
12.85 -0.0020317
12.855 -0.0019949
12.86 -0.0019776
12.865 -0.0019709
12.87 -0.0019771
12.875 -0.0020018
12.88 -0.0020429
12.885 -0.002115
12.89 -0.0022024
12.895 -0.0022791
12.9 -0.0023286
12.905 -0.0023433
12.91 -0.0023192
12.915 -0.002262
12.92 -0.0021478
12.925 -0.0019956
12.93 -0.0018388
12.935 -0.0016772
12.94 -0.0015016
12.945 -0.0013077
12.95 -0.0011095
12.955 -0.00091681
12.96 -0.00070013
12.965 -0.00044436
12.97 -0.00017674
12.975 8.0817e-005
12.98 0.00034005
12.985 0.00062601
12.99 0.0009511
12.995 0.0012822
13 0.0015924
13.005 0.0019121
13.01 0.0022279
13.015 0.0024935
13.02 0.0027128
13.025 0.0029076
13.03 0.0030092
13.035 0.0030367
13.04 0.0030654
13.045 0.0030666
13.05 0.0030012
13.055 0.0028603
13.06 0.0027069
13.065 0.0026055
13.07 0.002584
13.075 0.0026206
13.08 0.0027056
13.085 0.002808
13.09 0.0029146
13.095 0.0030384
13.1 0.0031764
13.105 0.0032751
13.11 0.0032998
13.115 0.0032238
13.12 0.003062
13.125 0.0028631
13.13 0.0026263
13.135 0.002349
13.14 0.0020336
13.145 0.0017378
13.15 0.0015004
13.155 0.0012928
13.16 0.0010826
13.165 0.00087902
13.17 0.00071712
13.175 0.00061056
13.18 0.00063796
13.185 0.00074637
13.19 0.00083591
13.195 0.0008973
13.2 0.00096014
13.205 0.0010352
13.21 0.0010986
13.215 0.0011088
13.22 0.0010771
13.225 0.0010522
13.23 0.0010796
13.235 0.0010953
13.24 0.00091586
13.245 0.00065981
13.25 0.00052516
13.255 0.00051757
13.26 0.00050864
13.265 0.00040331
13.27 0.00028446
13.275 0.00024317
13.28 0.00026718
13.285 0.00030256
13.29 0.00035092
13.295 0.00042689
13.3 0.00052494
13.305 0.0006648
13.31 0.00083202
13.315 0.0010045
13.32 0.0011562
13.325 0.0012824
13.33 0.0014393
13.335 0.0016193
13.34 0.0017238
13.345 0.0017265
13.35 0.0016636
13.355 0.0015968
13.36 0.0015648
13.365 0.0015643
13.37 0.0015303
13.375 0.0014059
13.38 0.0012563
13.385 0.0011435
13.39 0.0010503
13.395 0.00095857
13.4 0.00087999
13.405 0.00080499
13.41 0.00070967
13.415 0.0005618
13.42 0.00036139
13.425 0.0001257
13.43 -6.8249e-005
13.435 -0.00022015
13.44 -0.00043659
13.445 -0.00064799
13.45 -0.00075168
13.455 -0.00077826
13.46 -0.00079694
13.465 -0.00080816
13.47 -0.00075038
13.475 -0.00062378
13.48 -0.00058956
13.485 -0.00066439
13.49 -0.00067143
13.495 -0.00059986
13.5 -0.00055132
13.505 -0.00057143
13.51 -0.00061321
13.515 -0.00060785
13.52 -0.00056134
13.525 -0.00052189
13.53 -0.00052571
13.535 -0.0005547
13.54 -0.00055977
13.545 -0.00056554
13.55 -0.00063823
13.555 -0.00087587
13.56 -0.0012053
13.565 -0.0014373
13.57 -0.0015361
13.575 -0.0015969
13.58 -0.0016878
13.585 -0.0017884
13.59 -0.0018288
13.595 -0.0018343
13.6 -0.0018649
13.605 -0.0019188
13.61 -0.001968
13.615 -0.0020026
13.62 -0.0020357
13.625 -0.0020758
13.63 -0.0021024
13.635 -0.0021013
13.64 -0.0020577
13.645 -0.0019901
13.65 -0.0019195
13.655 -0.0017615
13.66 -0.0015289
13.665 -0.0013546
13.67 -0.0012314
13.675 -0.0010743
13.68 -0.00085306
13.685 -0.00062275
13.69 -0.0004736
13.695 -0.00040598
13.7 -0.0003767
13.705 -0.00034843
13.71 -0.00030207
13.715 -0.00023078
13.72 -0.00015041
13.725 -7.7356e-005
13.73 -2.3887e-005
13.735 1.3996e-005
13.74 4.1416e-005
13.745 6.5918e-005
13.75 9.3402e-005
13.755 0.00010168
13.76 8.9656e-005
13.765 8.7049e-005
13.77 9.8422e-005
13.775 0.00010485
13.78 0.00010615
13.785 0.00011108
13.79 0.00013913
13.795 0.00018672
13.8 0.00024016
13.805 0.0002993
13.81 0.0003616
13.815 0.00040463
13.82 0.00042821
13.825 0.00044547
13.83 0.00044149
13.835 0.00040595
13.84 0.00035
13.845 0.00029191
13.85 0.00023593
13.855 0.00017212
13.86 9.8514e-005
13.865 3.5002e-005
13.87 -1.3022e-005
13.875 -5.5912e-005
13.88 -8.8161e-005
13.885 -0.0001116
13.89 -0.00019168
13.895 -0.00031403
13.9 -0.00040913
13.905 -0.00046596
13.91 -0.00051296
13.915 -0.00058966
13.92 -0.00065777
13.925 -0.00065856
13.93 -0.00062518
13.935 -0.00061104
13.94 -0.00058957
13.945 -0.0005706
13.95 -0.00059739
13.955 -0.00065235
13.96 -0.00070173
13.965 -0.00079135
13.97 -0.00091935
13.975 -0.0010409
13.98 -0.0011362
13.985 -0.0012129
13.99 -0.0012615
13.995 -0.0012764
14 -0.0012596
14.005 -0.0012251
14.01 -0.0011894
14.015 -0.0011323
14.02 -0.0010451
14.025 -0.00093928
14.03 -0.00084152
14.035 -0.00075484
14.04 -0.00058352
14.045 -0.0003861
14.05 -0.00030156
14.055 -0.00030797
14.06 -0.00031083
14.065 -0.00023666
14.07 -0.00010191
14.075 4.692e-005
14.08 0.00017374
14.085 0.00027272
14.09 0.00033957
14.095 0.00037857
14.1 0.00039369
14.105 0.00036412
14.11 0.00029438
14.115 0.00024829
14.12 0.00024068
14.125 0.00023291
14.13 0.00022658
14.135 0.00023739
14.14 0.00033419
14.145 0.00047735
14.15 0.00058175
14.155 0.00066922
14.16 0.00077769
14.165 0.00079975
14.17 0.00074498
14.175 0.00072209
14.18 0.00076004
14.185 0.00081889
14.19 0.00082665
14.195 0.0008053
14.2 0.00081615
14.205 0.00083522
14.21 0.00082724
14.215 0.00080501
14.22 0.00078491
14.225 0.00076724
14.23 0.00073797
14.235 0.00070894
14.24 0.00071471
14.245 0.00069978
14.25 0.0005927
14.255 0.00054016
14.26 0.00063415
14.265 0.00082092
14.27 0.00097434
14.275 0.0010284
14.28 0.0010712
14.285 0.0011656
14.29 0.0012757
14.295 0.0013533
14.3 0.0013886
14.305 0.0013641
14.31 0.0013037
14.315 0.0012512
14.32 0.0012312
14.325 0.0012466
14.33 0.0012994
14.335 0.0013706
14.34 0.001442
14.345 0.001529
14.35 0.0016531
14.355 0.0017603
14.36 0.0018238
14.365 0.0018815
14.37 0.0019237
14.375 0.0019037
14.38 0.0018302
14.385 0.0017499
14.39 0.0016801
14.395 0.0016145
14.4 0.001544
14.405 0.0014484
14.41 0.0013295
14.415 0.0012042
14.42 0.0010846
14.425 0.00097238
14.43 0.00087075
14.435 0.0007769
14.44 0.00068378
14.445 0.00060645
14.45 0.00055375
14.455 0.00051112
14.46 0.00045607
14.465 0.00036796
14.47 0.00026989
14.475 0.00018706
14.48 7.7561e-005
14.485 -8.1749e-005
14.49 -0.00030611
14.495 -0.0005574
14.5 -0.00078659
14.505 -0.00099522
14.51 -0.00119
14.515 -0.0013669
14.52 -0.001522
14.525 -0.0016559
14.53 -0.0017195
14.535 -0.0017644
14.54 -0.0018725
14.545 -0.0019584
14.55 -0.0020069
14.555 -0.0021844
14.56 -0.0024225
14.565 -0.0025275
14.57 -0.002469
14.575 -0.0023709
14.58 -0.0023356
14.585 -0.0023358
14.59 -0.0023132
14.595 -0.0022811
14.6 -0.0022631
14.605 -0.0022437
14.61 -0.0022218
14.615 -0.0022063
14.62 -0.0021934
14.625 -0.0021718
14.63 -0.0021303
14.635 -0.0020795
14.64 -0.0020342
14.645 -0.0019792
14.65 -0.001894
14.655 -0.0017562
14.66 -0.0016226
14.665 -0.0015442
14.67 -0.00148
14.675 -0.0013625
14.68 -0.0011211
14.685 -0.00084198
14.69 -0.00063493
14.695 -0.00051857
14.7 -0.00044427
14.705 -0.00038105
14.71 -0.00032092
14.715 -0.00026143
14.72 -0.00022199
14.725 -0.00018288
14.73 -9.5984e-005
14.735 -3.3096e-005
14.74 -5.7042e-005
14.745 -4.5414e-005
14.75 3.6629e-005
14.755 0.00010773
14.76 0.00017322
14.765 0.00027275
14.77 0.00033001
14.775 0.0003257
14.78 0.00030328
14.785 0.00030887
14.79 0.00035423
14.795 0.00044775
14.8 0.00055421
14.805 0.00062767
14.81 0.00066918
14.815 0.00070164
14.82 0.00074087
14.825 0.00078115
14.83 0.00080594
14.835 0.00081703
14.84 0.00083014
14.845 0.0008611
14.85 0.00091779
14.855 0.0010007
14.86 0.0011051
14.865 0.0012211
14.87 0.0013515
14.875 0.0014675
14.88 0.0015368
14.885 0.001579
14.89 0.0016239
14.895 0.001654
14.9 0.0016549
14.905 0.0016303
14.91 0.0015935
14.915 0.0015562
14.92 0.0015279
14.925 0.0015197
14.93 0.001535
14.935 0.0015323
14.94 0.001485
14.945 0.0014125
14.95 0.0013218
14.955 0.0011997
14.96 0.001087
14.965 0.001001
14.97 0.00083735
14.975 0.00061125
14.98 0.00042482
14.985 0.00033135
14.99 0.00029303
14.995 0.0002584
15 0.00021109
15.005 0.00016141
15.01 0.00014256
15.015 0.00014767
15.02 0.000138
15.025 0.00010983
15.03 8.5338e-005
15.035 5.7404e-005
15.04 3.1428e-005
15.045 4.5539e-005
15.05 6.9816e-005
15.055 4.7477e-005
15.06 1.4752e-006
15.065 -2.078e-005
15.07 3.0403e-006
15.075 4.324e-005
15.08 6.7276e-005
15.085 6.2399e-005
15.09 3.8689e-005
15.095 2.1229e-006
15.1 -4.8123e-005
15.105 -0.00011857
15.11 -0.00022157
15.115 -0.00034316
15.12 -0.00046044
15.125 -0.00057276
15.13 -0.00068962
15.135 -0.00078748
15.14 -0.00085731
15.145 -0.00091632
15.15 -0.00096565
15.155 -0.00099285
15.16 -0.0010064
15.165 -0.0010204
15.17 -0.0010229
15.175 -0.00097828
15.18 -0.00085553
15.185 -0.0006938
15.19 -0.0005733
15.195 -0.00057573
15.2 -0.00066587
15.205 -0.00077933
15.21 -0.00090085
15.215 -0.0010288
15.22 -0.0011635
15.225 -0.0012838
15.23 -0.0013656
15.235 -0.0014053
15.24 -0.0014239
15.245 -0.0014247
15.25 -0.0013884
15.255 -0.0012982
15.26 -0.0012121
15.265 -0.0011667
15.27 -0.0011305
15.275 -0.0010852
15.28 -0.0010415
15.285 -0.0010014
15.29 -0.000952
15.295 -0.00087834
15.3 -0.00079892
15.305 -0.00073887
15.31 -0.00066286
15.315 -0.0005545
15.32 -0.00043379
15.325 -0.00033433
15.33 -0.00027255
15.335 -0.00023115
15.34 -0.00018783
15.345 -0.00013109
15.35 -6.298e-005
15.355 8.9597e-006
15.36 7.3487e-005
15.365 0.00012915
15.37 0.00021492
15.375 0.00034295
15.38 0.00049616
15.385 0.00063117
15.39 0.00072861
15.395 0.00080225
15.4 0.0008685
15.405 0.0009117
15.41 0.00091779
15.415 0.0008995
15.42 0.00087046
15.425 0.00083746
15.43 0.00078853
15.435 0.00072012
15.44 0.0006442
15.445 0.00057689
15.45 0.00052407
15.455 0.00048979
15.46 0.0004673
15.465 0.00044353
15.47 0.00040627
15.475 0.00037004
15.48 0.0003781
15.485 0.0004043
15.49 0.00040446
15.495 0.00038049
15.5 0.00036656
15.505 0.0003995
15.51 0.00045516
15.515 0.00049578
15.52 0.00054217
15.525 0.00060245
15.53 0.00064556
15.535 0.00069961
15.54 0.00081592
15.545 0.00092274
15.55 0.00094429
15.555 0.0008532
15.56 0.0007288
15.565 0.00064877
15.57 0.00059819
15.575 0.00053571
15.58 0.000429
15.585 0.00030111
15.59 0.00018698
15.595 8.9234e-005
15.6 -1.7587e-005
15.605 -0.00014267
15.61 -0.00024657
15.615 -0.00032954
15.62 -0.00045236
15.625 -0.00060117
15.63 -0.00072507
15.635 -0.00080924
15.64 -0.00089132
15.645 -0.0010388
15.65 -0.0012553
15.655 -0.001484
15.66 -0.0016017
15.665 -0.0016088
15.67 -0.0016019
15.675 -0.0015931
15.68 -0.0015476
15.685 -0.0014448
15.69 -0.0013104
15.695 -0.001178
15.7 -0.0010772
15.705 -0.0010196
15.71 -0.00095306
15.715 -0.00084517
15.72 -0.00071384
15.725 -0.00059954
15.73 -0.0005254
15.735 -0.00048188
15.74 -0.00044071
15.745 -0.00036105
15.75 -0.00026728
15.755 -0.00020176
15.76 -0.00011568
15.765 2.6848e-005
15.77 0.00012436
15.775 0.00017969
15.78 0.00028756
15.785 0.00042804
15.79 0.0005403
15.795 0.00062444
15.8 0.00069904
15.805 0.00074557
15.81 0.0007695
15.815 0.00079461
15.82 0.00083455
15.825 0.00087495
15.83 0.00088794
15.835 0.00088167
15.84 0.00087945
15.845 0.00088785
15.85 0.00090233
15.855 0.00092385
15.86 0.00094965
15.865 0.00097414
15.87 0.00099944
15.875 0.0010258
15.88 0.0010507
15.885 0.0010855
15.89 0.0011441
15.895 0.001198
15.9 0.0012294
15.905 0.0012523
15.91 0.0012895
15.915 0.0013479
15.92 0.0013971
15.925 0.0014262
15.93 0.0014905
15.935 0.0015823
15.94 0.0016542
15.945 0.0017413
15.95 0.0018732
15.955 0.0019444
15.96 0.0019502
15.965 0.0019934
15.97 0.0020799
15.975 0.0021548
15.98 0.0021832
15.985 0.0021891
15.99 0.0022059
15.995 0.0022259
16 0.0022289
16.005 0.0021941
16.01 0.0021328
16.015 0.0020715
16.02 0.00202
16.025 0.0019713
16.03 0.0019032
16.035 0.0018287
16.04 0.0017993
16.045 0.0018003
16.05 0.0017766
16.055 0.0016539
16.06 0.00146
16.065 0.0013036
16.07 0.0011886
16.075 0.00105
16.08 0.00087098
16.085 0.0006821
16.09 0.00047677
16.095 0.0002455
16.1 -7.3857e-006
16.105 -0.00022924
16.11 -0.00040713
16.115 -0.00059144
16.12 -0.00075973
16.125 -0.00084665
16.13 -0.00088329
16.135 -0.0009299
16.14 -0.00096801
16.145 -0.00099112
16.15 -0.0010205
16.155 -0.0010247
16.16 -0.00099236
16.165 -0.00095013
16.17 -0.00094779
16.175 -0.0010085
16.18 -0.0010109
16.185 -0.000885
16.19 -0.00074288
16.195 -0.00067356
16.2 -0.00067681
16.205 -0.00069109
16.21 -0.00067718
16.215 -0.00065602
16.22 -0.00063639
16.225 -0.0005789
16.23 -0.00051335
16.235 -0.00048483
16.24 -0.0004598
16.245 -0.00040282
16.25 -0.0003118
16.255 -0.00022888
16.26 -0.00019079
16.265 -0.00019735
16.27 -0.00021628
16.275 -0.00022787
16.28 -0.00025906
16.285 -0.0003419
16.29 -0.00044332
16.295 -0.00052975
16.3 -0.00066302
16.305 -0.00083515
16.31 -0.00098391
16.315 -0.001112
16.32 -0.0012438
16.325 -0.0013562
16.33 -0.0014354
16.335 -0.0014907
16.34 -0.0015276
16.345 -0.0015518
16.35 -0.0015715
16.355 -0.0015784
16.36 -0.0015734
16.365 -0.001569
16.37 -0.0015677
16.375 -0.001567
16.38 -0.0015636
16.385 -0.0015586
16.39 -0.0015557
16.395 -0.0015836
16.4 -0.0016465
16.405 -0.0016753
16.41 -0.0016612
16.415 -0.0016568
16.42 -0.0016762
16.425 -0.0017003
16.43 -0.0017127
16.435 -0.001712
16.44 -0.0016691
16.445 -0.001606
16.45 -0.0016007
16.455 -0.0016257
16.46 -0.0016024
16.465 -0.0015265
16.47 -0.0014441
16.475 -0.001381
16.48 -0.0013218
16.485 -0.0012479
16.49 -0.0011824
16.495 -0.0011477
16.5 -0.001131
16.505 -0.0011232
16.51 -0.0011294
16.515 -0.0011308
16.52 -0.0011138
16.525 -0.0011226
16.53 -0.0011503
16.535 -0.0011317
16.54 -0.0010443
16.545 -0.00092041
16.55 -0.00077437
16.555 -0.00064179
16.56 -0.00060088
16.565 -0.00060002
16.57 -0.00054266
16.575 -0.00044556
16.58 -0.00036882
16.585 -0.00036408
16.59 -0.00039636
16.595 -0.00040921
16.6 -0.00038708
16.605 -0.00035275
16.61 -0.00036321
16.615 -0.00042024
16.62 -0.00047733
16.625 -0.00052115
16.63 -0.00057237
16.635 -0.00065789
16.64 -0.00076672
16.645 -0.00087867
16.65 -0.00096169
16.655 -0.0009962
16.66 -0.0010256
16.665 -0.0010854
16.67 -0.0011351
16.675 -0.0011435
16.68 -0.001092
16.685 -0.0009835
16.69 -0.00084522
16.695 -0.00070971
16.7 -0.00058961
16.705 -0.0005118
16.71 -0.00046544
16.715 -0.00042276
16.72 -0.00036007
16.725 -0.00027729
16.73 -0.00020071
16.735 -0.00013052
16.74 -2.8125e-005
16.745 0.00011128
16.75 0.00026632
16.755 0.00039851
16.76 0.00049319
16.765 0.00049757
16.77 0.00045002
16.775 0.00042984
16.78 0.00043867
16.785 0.00044519
16.79 0.00043197
16.795 0.00040926
16.8 0.00037976
16.805 0.00035555
16.81 0.00035672
16.815 0.0003791
16.82 0.00040276
16.825 0.00041497
16.83 0.00041307
16.835 0.00039274
16.84 0.00036183
16.845 0.00033296
16.85 0.00032234
16.855 0.00032567
16.86 0.00030391
16.865 0.00026569
16.87 0.00025695
16.875 0.00027548
16.88 0.00029207
16.885 0.00031588
16.89 0.00035255
16.895 0.00038611
16.9 0.0004256
16.905 0.00049217
16.91 0.00055496
16.915 0.00059556
16.92 0.00066594
16.925 0.0007736
16.93 0.00088582
16.935 0.00098683
16.94 0.0010812
16.945 0.0011853
16.95 0.0012924
16.955 0.0013742
16.96 0.0014425
16.965 0.001527
16.97 0.0016029
16.975 0.0016468
16.98 0.0016861
16.985 0.0017197
16.99 0.0016813
16.995 0.0015788
17 0.00147
17.005 0.0013624
17.01 0.0012365
17.015 0.0010706
17.02 0.00089665
17.025 0.00075839
17.03 0.00066301
17.035 0.00058706
17.04 0.00055549
17.045 0.00058478
17.05 0.00066038
17.055 0.00070379
17.06 0.00067459
17.065 0.00065455
17.07 0.00069288
17.075 0.00076793
17.08 0.00081464
17.085 0.0008001
17.09 0.00077155
17.095 0.000776
17.1 0.00080288
17.105 0.00079772
17.11 0.00068199
17.115 0.00053475
17.12 0.00045994
17.125 0.00046533
17.13 0.00047687
17.135 0.00041214
17.14 0.00031777
17.145 0.00028027
17.15 0.00030672
17.155 0.00035087
17.16 0.00036874
17.165 0.00036633
17.17 0.0003802
17.175 0.00046661
17.18 0.00062615
17.185 0.0007809
17.19 0.00089359
17.195 0.0010027
17.2 0.0011366
17.205 0.0012791
17.21 0.0013457
17.215 0.0013114
17.22 0.0012823
17.225 0.0013056
17.23 0.0013136
17.235 0.0012759
17.24 0.001221
17.245 0.0011716
17.25 0.0011268
17.255 0.001066
17.26 0.00097878
17.265 0.00085112
17.27 0.00072908
17.275 0.00065136
17.28 0.00056768
17.285 0.0004496
17.29 0.00032961
17.295 0.0002606
17.3 0.00026253
17.305 0.00024698
17.31 0.00015927
17.315 0.00010745
17.32 0.00013458
17.325 0.0001945
17.33 0.00022195
17.335 0.00020185
17.34 0.00018919
17.345 0.00021367
17.35 0.00028248
17.355 0.00035362
17.36 0.00038768
17.365 0.000427
17.37 0.00050969
17.375 0.00061042
17.38 0.00070999
17.385 0.00084083
17.39 0.0009817
17.395 0.0010855
17.4 0.0011742
17.405 0.0012823
17.41 0.0013936
17.415 0.001474
17.42 0.0014849
17.425 0.0014566
17.43 0.0014413
17.435 0.0014446
17.44 0.001447
17.445 0.0014264
17.45 0.0013889
17.455 0.0013495
17.46 0.0013166
17.465 0.001287
17.47 0.0012563
17.475 0.0012259
17.48 0.0012051
17.485 0.0011831
17.49 0.0011445
17.495 0.0011017
17.5 0.0010694
17.505 0.0010424
17.51 0.0010001
17.515 0.00090922
17.52 0.00081673
17.525 0.00077395
17.53 0.00077403
17.535 0.00079115
17.54 0.00082846
17.545 0.000843
17.55 0.00077981
17.555 0.00068302
17.56 0.00060888
17.565 0.00053935
17.57 0.00046473
17.575 0.00040483
17.58 0.00033883
17.585 0.0002486
17.59 0.0001674
17.595 0.00010422
17.6 3.5025e-005
17.605 -3.672e-005
17.61 -9.9244e-005
17.615 -0.00016676
17.62 -0.00024575
17.625 -0.00033058
17.63 -0.00043718
17.635 -0.00057085
17.64 -0.00071158
17.645 -0.00082924
17.65 -0.00089449
17.655 -0.00095309
17.66 -0.0010679
17.665 -0.0012258
17.67 -0.0013602
17.675 -0.0013956
17.68 -0.0013753
17.685 -0.0013783
17.69 -0.0014543
17.695 -0.0015748
17.7 -0.0016951
17.705 -0.0017801
17.71 -0.0018154
17.715 -0.0018366
17.72 -0.001871
17.725 -0.0018951
17.73 -0.0018917
17.735 -0.001855
17.74 -0.0017795
17.745 -0.0016804
17.75 -0.0016031
17.755 -0.0015599
17.76 -0.0015264
17.765 -0.0014931
17.77 -0.0014702
17.775 -0.0014525
17.78 -0.0014275
17.785 -0.0013828
17.79 -0.0013354
17.795 -0.0013123
17.8 -0.0012988
17.805 -0.0012732
17.81 -0.0012214
17.815 -0.0011542
17.82 -0.0010766
17.825 -0.00099987
17.83 -0.00093331
17.835 -0.00087671
17.84 -0.00082536
17.845 -0.00077983
17.85 -0.00074153
17.855 -0.00071419
17.86 -0.00072306
17.865 -0.00075826
17.87 -0.00075737
17.875 -0.00073414
17.88 -0.00074659
17.885 -0.00079196
17.89 -0.00083659
17.895 -0.00087319
17.9 -0.00090868
17.905 -0.00094807
17.91 -0.00099451
17.915 -0.0010477
17.92 -0.0010996
17.925 -0.0011366
17.93 -0.00115
17.935 -0.0011379
17.94 -0.0011281
17.945 -0.0011311
17.95 -0.0010848
17.955 -0.00099171
17.96 -0.00090567
17.965 -0.00085173
17.97 -0.00081471
17.975 -0.00073398
17.98 -0.00061537
17.985 -0.00053142
17.99 -0.00049619
17.995 -0.00047484
18 -0.00044709
18.005 -0.00041445
18.01 -0.00039576
18.015 -0.00039262
18.02 -0.00039725
18.025 -0.00042691
18.03 -0.00049017
18.035 -0.00055881
18.04 -0.00060084
18.045 -0.00059052
18.05 -0.00058532
18.055 -0.00063955
18.06 -0.00076034
18.065 -0.00088279
18.07 -0.00093151
18.075 -0.00093847
18.08 -0.00096335
18.085 -0.0010052
18.09 -0.0010424
18.095 -0.0010709
18.1 -0.0010794
18.105 -0.0010687
18.11 -0.0010808
18.115 -0.0011093
18.12 -0.0010838
18.125 -0.0010435
18.13 -0.0010562
18.135 -0.0011023
18.14 -0.0011217
18.145 -0.00106
18.15 -0.0009704
18.155 -0.00092534
18.16 -0.00090593
18.165 -0.00087582
18.17 -0.0008783
18.175 -0.00089816
18.18 -0.00086868
18.185 -0.00074628
18.19 -0.00057886
18.195 -0.00048118
18.2 -0.00044454
18.205 -0.00039211
18.21 -0.00030329
18.215 -0.00020834
18.22 -0.00013883
18.225 -8.3211e-005
18.23 -4.9981e-006
18.235 7.8733e-005
18.24 0.00013902
18.245 0.00018734
18.25 0.00024138
18.255 0.00029808
18.26 0.00034732
18.265 0.00038483
18.27 0.00041585
18.275 0.00044706
18.28 0.00047507
18.285 0.00047451
18.29 0.00042508
18.295 0.00037859
18.3 0.00036852
18.305 0.00035791
18.31 0.00034101
18.315 0.00034876
18.32 0.00039549
18.325 0.00046642
18.33 0.00055061
18.335 0.00064207
18.34 0.00074932
18.345 0.00083784
18.35 0.00088158
18.355 0.00091567
18.36 0.0009682
18.365 0.0010289
18.37 0.0010552
18.375 0.001036
18.38 0.0010126
18.385 0.0010033
18.39 0.00097626
18.395 0.00092016
18.4 0.00085003
18.405 0.00078324
18.41 0.00072466
18.415 0.00066627
18.42 0.00060461
18.425 0.00054571
18.43 0.00052428
18.435 0.00053851
18.44 0.00055881
18.445 0.00058058
18.45 0.00061989
18.455 0.00067896
18.46 0.00074549
18.465 0.00081886
18.47 0.00089195
18.475 0.00095196
18.48 0.0010069
18.485 0.0010687
18.49 0.00113
18.495 0.0011775
18.5 0.001195
18.505 0.0011767
18.51 0.0011362
18.515 0.0010972
18.52 0.001068
18.525 0.0010406
18.53 0.00099614
18.535 0.00092875
18.54 0.00090363
18.545 0.0009338
18.55 0.00095385
18.555 0.0009236
18.56 0.00084969
18.565 0.00079559
18.57 0.00078613
18.575 0.00081054
18.58 0.00084951
18.585 0.00089726
18.59 0.00093939
18.595 0.00096698
18.6 0.00096847
18.605 0.00096169
18.61 0.0009723
18.615 0.00098392
18.62 0.0009752
18.625 0.00093294
18.63 0.00088227
18.635 0.00085896
18.64 0.00085424
18.645 0.00084036
18.65 0.00078188
18.655 0.00070032
18.66 0.0006379
18.665 0.00056895
18.67 0.00046788
18.675 0.00040328
18.68 0.00040492
18.685 0.00046791
18.69 0.00054906
18.695 0.00060744
18.7 0.00064607
18.705 0.00068337
18.71 0.00073245
18.715 0.00078053
18.72 0.00082119
18.725 0.0008569
18.73 0.00089105
18.735 0.00090231
18.74 0.00088383
18.745 0.00083794
18.75 0.00078832
18.755 0.00075181
18.76 0.00070691
18.765 0.00064335
18.77 0.00057754
18.775 0.00051001
18.78 0.00042861
18.785 0.00034862
18.79 0.00028159
18.795 0.00021324
18.8 0.00013583
18.805 4.9918e-005
18.81 -5.8601e-005
18.815 -0.00017931
18.82 -0.00027052
18.825 -0.00032313
18.83 -0.00035969
18.835 -0.00040307
18.84 -0.00045612
18.845 -0.00051445
18.85 -0.00056883
18.855 -0.00061447
18.86 -0.00064145
18.865 -0.0006506
18.87 -0.00064451
18.875 -0.000635
18.88 -0.00062922
18.885 -0.00060479
18.89 -0.00054537
18.895 -0.0004412
18.9 -0.00033416
18.905 -0.00027026
18.91 -0.00022788
18.915 -0.00017265
18.92 -9.1167e-005
18.925 -1.5021e-005
18.93 2.4909e-005
18.935 5.1271e-005
18.94 9.0469e-005
18.945 9.8535e-005
18.95 6.3975e-005
18.955 7.2671e-007
18.96 -7.6816e-005
18.965 -0.0001567
18.97 -0.00023526
18.975 -0.00031939
18.98 -0.0004194
18.985 -0.00053139
18.99 -0.00064196
18.995 -0.00071601
19 -0.0007631
19.005 -0.0008181
19.01 -0.00089356
19.015 -0.00097876
19.02 -0.0010429
19.025 -0.0010683
19.03 -0.0010533
19.035 -0.0010167
19.04 -0.00097078
19.045 -0.00087747
19.05 -0.00077119
19.055 -0.00075444
19.06 -0.00079082
19.065 -0.00079495
19.07 -0.0007552
19.075 -0.00069826
19.08 -0.00061564
19.085 -0.00052729
19.09 -0.00045896
19.095 -0.00038974
19.1 -0.00030768
19.105 -0.000227
19.11 -0.00016815
19.115 -0.00013195
19.12 -0.00010058
19.125 -6.1027e-005
19.13 -1.1746e-005
19.135 2.0303e-005
19.14 1.4441e-005
19.145 3.1273e-005
19.15 8.7566e-005
19.155 0.00011283
19.16 0.00011531
19.165 0.00015477
19.17 0.00022657
19.175 0.00028464
19.18 0.00030277
19.185 0.00033379
19.19 0.00043505
19.195 0.00050573
19.2 0.0004867
19.205 0.000402
19.21 0.00029896
19.215 0.00019806
19.22 0.00012079
19.225 6.7111e-005
19.23 8.4732e-006
19.235 -6.8081e-005
19.24 -0.00015651
19.245 -0.00021377
19.25 -0.00023637
19.255 -0.00027083
19.26 -0.00032837
19.265 -0.00037491
19.27 -0.00032259
19.275 -0.00020025
19.28 -0.00025057
19.285 -0.00043174
19.29 -0.00052634
19.295 -0.00051054
19.3 -0.00048636
19.305 -0.00053571
19.31 -0.00066318
19.315 -0.00084
19.32 -0.00095394
19.325 -0.00099074
19.33 -0.0010622
19.335 -0.0011945
19.34 -0.0013314
19.345 -0.0014251
19.35 -0.0014728
19.355 -0.0014744
19.36 -0.0014531
19.365 -0.0014288
19.37 -0.0013904
19.375 -0.0013204
19.38 -0.0011888
19.385 -0.0010647
19.39 -0.0010386
19.395 -0.0011103
19.4 -0.0011921
19.405 -0.0012
19.41 -0.0011598
19.415 -0.0011332
19.42 -0.0011391
19.425 -0.0011433
19.43 -0.0010887
19.435 -0.0010215
19.44 -0.0010191
19.445 -0.0010578
19.45 -0.0010775
19.455 -0.0010594
19.46 -0.0010315
19.465 -0.0010181
19.47 -0.00099301
19.475 -0.00094292
19.48 -0.00087805
19.485 -0.00080139
19.49 -0.00070402
19.495 -0.00058989
19.5 -0.00047283
19.505 -0.00034361
19.51 -0.00022281
19.515 -0.00014409
19.52 -8.2748e-005
19.525 -7.2818e-006
19.53 6.7025e-005
19.535 0.00010553
19.54 9.8195e-005
19.545 0.00012177
19.55 0.00022173
19.555 0.00032382
19.56 0.00036832
19.565 0.00034192
19.57 0.00031593
19.575 0.00034453
19.58 0.00040765
19.585 0.00045602
19.59 0.00045592
19.595 0.00045397
19.6 0.00049021
19.605 0.0004901
19.61 0.00042615
19.615 0.00035654
19.62 0.00030993
19.625 0.00027081
19.63 0.00023378
19.635 0.00019896
19.64 0.00016194
19.645 0.00012686
19.65 0.00010041
19.655 6.4593e-005
19.66 1.7524e-005
19.665 -1.7909e-005
19.67 -5.6114e-005
19.675 -0.00012883
19.68 -0.00020427
19.685 -0.00023402
19.69 -0.00017958
19.695 -9.7784e-005
19.7 -5.8066e-005
19.705 -4.5364e-005
19.71 -2.0613e-005
19.715 2.5999e-005
19.72 6.9882e-005
19.725 8.9391e-005
19.73 0.00010392
19.735 0.00013253
19.74 0.00017642
19.745 0.00022065
19.75 0.00025782
19.755 0.00032736
19.76 0.00043916
19.765 0.00046898
19.77 0.00042015
19.775 0.00039825
19.78 0.0004274
19.785 0.00046963
19.79 0.00049687
19.795 0.00050653
19.8 0.00050686
19.805 0.00054137
19.81 0.00062153
19.815 0.00067618
19.82 0.0006748
19.825 0.00063385
19.83 0.00062244
19.835 0.00067212
19.84 0.00069977
19.845 0.00068103
19.85 0.00068945
19.855 0.00070292
19.86 0.00067196
19.865 0.00069555
19.87 0.00077776
19.875 0.00076151
19.88 0.00067913
19.885 0.00067488
19.89 0.00074323
19.895 0.00080366
19.9 0.00082633
19.905 0.0008365
19.91 0.00085854
19.915 0.00089251
19.92 0.00092826
19.925 0.00098253
19.93 0.0010532
19.935 0.001089
19.94 0.0010701
19.945 0.0010288
19.95 0.00099594
19.955 0.00096481
19.96 0.00091845
19.965 0.00084435
19.97 0.00075397
19.975 0.00066661
19.98 0.00057753
19.985 0.00049172
19.99 0.00043874
19.995 0.00040302
20 0.00035506
20.005 0.00032206
20.01 0.00031783
20.015 0.0003199
20.02 0.00030279
20.025 0.00026811
20.03 0.00025312
20.035 0.00027319
20.04 0.00032298
20.045 0.00039774
20.05 0.00049152
20.055 0.00049413
20.06 0.00040319
20.065 0.00036116
20.07 0.00040954
20.075 0.00049898
20.08 0.00058512
20.085 0.00065434
20.09 0.00067138
20.095 0.00066349
20.1 0.00067757
20.105 0.00069724
20.11 0.00070205
20.115 0.00073227
20.12 0.00078837
20.125 0.00083567
20.13 0.00087041
20.135 0.00090463
20.14 0.00092863
20.145 0.00095752
20.15 0.0010196
20.155 0.0010909
20.16 0.0011366
20.165 0.0011125
20.17 0.0010481
20.175 0.00099793
20.18 0.0010235
20.185 0.0011244
20.19 0.0011749
20.195 0.001149
20.2 0.0011154
20.205 0.0011057
20.21 0.0011045
20.215 0.0010983
20.22 0.0010749
20.225 0.0010113
20.23 0.00095021
20.235 0.0009301
20.24 0.00089428
20.245 0.000816
20.25 0.00073946
20.255 0.00070897
20.26 0.0007136
20.265 0.00067227
20.27 0.00056308
20.275 0.0004301
20.28 0.00033764
20.285 0.0003005
20.29 0.00026633
20.295 0.00019644
20.3 7.8558e-005
20.305 -4.9698e-005
20.31 -0.00015422
20.315 -0.00022432
20.32 -0.00028779
20.325 -0.00037175
20.33 -0.00042328
20.335 -0.00041055
20.34 -0.00043237
20.345 -0.00051445
20.35 -0.00058972
20.355 -0.00060164
20.36 -0.00056163
20.365 -0.0005473
20.37 -0.00057141
20.375 -0.00058314
20.38 -0.00057387
20.385 -0.00056876
20.39 -0.00058539
20.395 -0.00061517
20.4 -0.0006402
20.405 -0.00065272
20.41 -0.00065681
20.415 -0.0006541
20.42 -0.00064747
20.425 -0.00064159
20.43 -0.00063046
20.435 -0.00060771
20.44 -0.00056063
20.445 -0.00050154
20.45 -0.0004638
20.455 -0.00043932
20.46 -0.00040466
20.465 -0.00036623
20.47 -0.00033763
20.475 -0.0003216
20.48 -0.00030585
20.485 -0.00028111
20.49 -0.00027167
20.495 -0.00028197
20.5 -0.00028432
20.505 -0.0002745
20.51 -0.00026701
20.515 -0.00025308
20.52 -0.00023492
20.525 -0.00024272
20.53 -0.00026594
20.535 -0.00027071
20.54 -0.0002305
20.545 -0.00016699
20.55 -0.00013031
20.555 -0.00014493
20.56 -0.00021148
20.565 -0.00029889
20.57 -0.00036671
20.575 -0.00038493
20.58 -0.00038432
20.585 -0.0004052
20.59 -0.00045404
20.595 -0.00051945
20.6 -0.00060732
20.605 -0.00069988
20.61 -0.00077823
20.615 -0.00087396
20.62 -0.00098816
20.625 -0.0010707
20.63 -0.0011211
20.635 -0.0011729
20.64 -0.0012256
20.645 -0.0012659
20.65 -0.0012775
20.655 -0.001274
20.66 -0.0012759
20.665 -0.0012724
20.67 -0.0012658
20.675 -0.001275
20.68 -0.001225
20.685 -0.0010711
20.69 -0.00089173
20.695 -0.00076091
20.7 -0.00069569
20.705 -0.00066247
20.71 -0.00062704
20.715 -0.00057584
20.72 -0.00052232
20.725 -0.00048823
20.73 -0.00048061
20.735 -0.00048831
20.74 -0.00050285
20.745 -0.00051375
20.75 -0.00051184
20.755 -0.00050828
20.76 -0.00051636
20.765 -0.00053942
20.77 -0.0005644
20.775 -0.00057236
20.78 -0.0005584
20.785 -0.00053976
20.79 -0.00060489
20.795 -0.00072586
20.8 -0.00080781
20.805 -0.00082796
20.81 -0.00082216
20.815 -0.00083273
20.82 -0.00085607
20.825 -0.00086691
20.83 -0.0008624
20.835 -0.00085561
20.84 -0.00084218
20.845 -0.00083644
20.85 -0.00085769
20.855 -0.0008711
20.86 -0.0008564
20.865 -0.00084634
20.87 -0.00084989
20.875 -0.0008465
20.88 -0.00082251
20.885 -0.00078966
20.89 -0.00077808
20.895 -0.00076888
20.9 -0.00072258
20.905 -0.00065642
20.91 -0.00059833
20.915 -0.00052116
20.92 -0.00043187
20.925 -0.00036641
20.93 -0.0003088
20.935 -0.00023858
20.94 -0.00017253
20.945 -0.00011895
20.95 -6.8754e-005
20.955 -3.678e-005
20.96 -2.8273e-005
20.965 3.5754e-006
20.97 5.7552e-005
20.975 9.0756e-005
20.98 0.00010296
20.985 0.00011563
20.99 0.00013847
20.995 0.00016354
21 0.00018387
21.005 0.00019657
21.01 0.00020321
21.015 0.00018564
21.02 0.00015563
21.025 0.00013703
21.03 0.00012599
21.035 0.00011006
21.04 9.4023e-005
21.045 0.00010329
21.05 0.00015304
21.055 0.00015664
21.06 8.8225e-005
21.065 3.8122e-005
21.07 3.757e-005
21.075 4.9963e-005
21.08 7.1888e-005
21.085 0.00010536
21.09 0.00012341
21.095 0.00012251
21.1 0.00012034
21.105 0.00013898
21.11 0.00017247
21.115 0.00017416
21.12 0.00015105
21.125 0.00014303
21.13 0.00015398
21.135 0.00016385
21.14 0.00015945
21.145 0.00014454
21.15 0.00012743
21.155 0.0001127
21.16 9.6885e-005
21.165 6.5408e-005
21.17 1.1372e-005
21.175 -5.8355e-005
21.18 -6.5091e-005
21.185 7.1836e-006
21.19 0.00010187
21.195 0.00016319
21.2 0.00017605
21.205 0.00017696
21.21 0.00018689
21.215 0.00018281
21.22 0.00015345
21.225 0.00011003
21.23 6.1975e-005
21.235 1.7608e-005
21.24 -1.8475e-005
21.245 -3.8468e-005
21.25 -4.4244e-005
21.255 -3.9583e-005
21.26 -2.391e-005
21.265 1.8768e-005
21.27 7.0735e-005
21.275 0.0001079
21.28 0.00013256
21.285 0.00016126
21.29 0.0002086
21.295 0.0002728
21.3 0.00034218
21.305 0.00041574
21.31 0.00049435
21.315 0.00057829
21.32 0.00066565
21.325 0.00075326
21.33 0.00083515
21.335 0.00090522
21.34 0.00095102
21.345 0.00097318
21.35 0.0009783
21.355 0.00098532
21.36 0.0010026
21.365 0.0010186
21.37 0.0010257
21.375 0.0010231
21.38 0.0010004
21.385 0.00096969
21.39 0.00096846
21.395 0.00097974
21.4 0.00096386
21.405 0.00092707
21.41 0.0008948
21.415 0.00087418
21.42 0.0008567
21.425 0.00083836
21.43 0.00082786
21.435 0.00082424
21.44 0.00082201
21.445 0.00084292
21.45 0.00089373
21.455 0.00096596
21.46 0.0010378
21.465 0.0010924
21.47 0.0011184
21.475 0.0011256
21.48 0.0011243
21.485 0.0011211
21.49 0.0011212
21.495 0.0011145
21.5 0.0011009
21.505 0.0010977
21.51 0.0011039
21.515 0.0011045
21.52 0.001119
21.525 0.0011533
21.53 0.0011883
21.535 0.0012077
21.54 0.0012153
21.545 0.0012553
21.55 0.001329
21.555 0.0013415
21.56 0.0012788
21.565 0.0011975
21.57 0.0011599
21.575 0.0011643
21.58 0.0011638
21.585 0.0011383
21.59 0.0010969
21.595 0.0010406
21.6 0.00097312
21.605 0.0009019
21.61 0.00082753
21.615 0.00074584
21.62 0.00065022
21.625 0.00054597
21.63 0.00044138
21.635 0.00034818
21.64 0.00027211
21.645 0.00018747
21.65 8.836e-005
21.655 4.4005e-006
21.66 -6.3547e-005
21.665 -0.00013847
21.67 -0.00025978
21.675 -0.00039389
21.68 -0.00043108
21.685 -0.00039002
21.69 -0.00035695
21.695 -0.00034463
21.7 -0.00034002
21.705 -0.00035528
21.71 -0.00037333
21.715 -0.00037034
21.72 -0.00034158
21.725 -0.00031295
21.73 -0.00031811
21.735 -0.00034265
21.74 -0.00035669
21.745 -0.00034075
21.75 -0.00031596
21.755 -0.00031653
21.76 -0.00032071
21.765 -0.00030005
21.77 -0.00027197
21.775 -0.00024456
21.78 -0.00018945
21.785 -0.00013193
21.79 -0.00010998
21.795 -0.00013339
21.8 -0.00016139
21.805 -0.00014266
21.81 -9.6846e-005
21.815 -6.7214e-005
21.82 -9.1822e-005
21.825 -0.00014111
21.83 -0.00016445
21.835 -0.00017477
21.84 -0.00020594
21.845 -0.00028344
21.85 -0.00037387
21.855 -0.0004328
21.86 -0.0004658
21.865 -0.00049784
21.87 -0.00054206
21.875 -0.00060666
21.88 -0.00069549
21.885 -0.00075951
21.89 -0.00077227
21.895 -0.00078335
21.9 -0.00083029
21.905 -0.00090201
21.91 -0.00094764
21.915 -0.00095799
21.92 -0.00099001
21.925 -0.0010363
21.93 -0.0010458
21.935 -0.0010357
21.94 -0.0010418
21.945 -0.0010638
21.95 -0.0010727
21.955 -0.0010468
21.96 -0.0010024
21.965 -0.00096583
21.97 -0.00094741
21.975 -0.00094767
21.98 -0.00096644
21.985 -0.00097461
21.99 -0.00096713
21.995 -0.00098174
22 -0.0010192
22.005 -0.0010535
22.01 -0.0010754
22.015 -0.0010789
22.02 -0.0010363
22.025 -0.00097049
22.03 -0.00092292
22.035 -0.00089581
22.04 -0.00085515
22.045 -0.00074967
22.05 -0.00063172
22.055 -0.00058261
22.06 -0.00060054
22.065 -0.00061986
22.07 -0.00058515
22.075 -0.00052018
22.08 -0.00047055
22.085 -0.00044732
22.09 -0.00042698
22.095 -0.00037892
22.1 -0.00032429
22.105 -0.00030056
22.11 -0.00030222
22.115 -0.00029827
22.12 -0.00026788
22.125 -0.00023287
22.13 -0.00022069
22.135 -0.00020942
22.14 -0.00019492
22.145 -0.00022453
22.15 -0.00026057
22.155 -0.00023079
22.16 -0.0001725
22.165 -0.0001516
22.17 -0.00019253
22.175 -0.00024801
22.18 -0.00023686
22.185 -0.00015247
22.19 -6.3002e-005
22.195 -1.0162e-005
22.2 -3.0982e-006
22.205 -2.4332e-005
22.21 -3.945e-005
22.215 -5.2233e-005
22.22 -8.8412e-005
22.225 -0.00011139
22.23 -9.1325e-005
22.235 -8.641e-005
22.24 -0.00011579
22.245 -0.00014261
22.25 -0.00014071
22.255 -0.0001187
22.26 -0.00011754
22.265 -0.0001352
22.27 -0.00014158
22.275 -0.00014406
22.28 -0.00015982
22.285 -0.00017247
22.29 -0.0001761
22.295 -0.00018192
22.3 -0.00017914
22.305 -0.0001649
22.31 -0.00016712
22.315 -0.00018997
22.32 -0.00021596
22.325 -0.0002333
22.33 -0.00024536
22.335 -0.00027256
22.34 -0.00029993
22.345 -0.00029512
22.35 -0.00025005
22.355 -0.00019186
22.36 -0.00015487
22.365 -0.00013495
22.37 -0.00011048
22.375 -7.2511e-005
22.38 -3.1384e-005
22.385 -1.5617e-005
22.39 -3.9257e-006
22.395 4.3237e-005
22.4 8.6767e-005
22.405 9.5386e-005
22.41 8.6035e-005
22.415 8.8337e-005
22.42 0.00011196
22.425 0.00013061
22.43 0.0001297
22.435 0.00011718
22.44 0.0001173
22.445 0.00014462
22.45 0.00016131
22.455 0.00014264
22.46 9.6277e-005
22.465 4.7619e-005
22.47 9.7003e-006
22.475 -2.846e-005
22.48 -6.1564e-005
22.485 -5.3516e-005
22.49 -2.3087e-005
22.495 -1.2018e-005
22.5 -3.6455e-006
22.505 2.7452e-005
22.51 8.7065e-005
22.515 0.00014458
22.52 0.00017406
22.525 0.00019948
22.53 0.00024302
22.535 0.00029507
22.54 0.00034222
22.545 0.00038203
22.55 0.00041777
22.555 0.00042495
22.56 0.00040298
22.565 0.00036294
22.57 0.00032387
22.575 0.0003008
22.58 0.00030613
22.585 0.00032992
22.59 0.00036057
22.595 0.00039364
22.6 0.00042902
22.605 0.00047775
22.61 0.00053643
22.615 0.00058683
22.62 0.00061954
22.625 0.00063851
22.63 0.00065795
22.635 0.00068463
22.64 0.00070028
22.645 0.00069742
22.65 0.00068107
22.655 0.00064528
22.66 0.00059116
22.665 0.0005507
22.67 0.00049934
22.675 0.00038853
22.68 0.00029349
22.685 0.00028029
22.69 0.0002992
22.695 0.00029095
22.7 0.0002535
22.705 0.00021275
22.71 0.0001824
22.715 0.00016565
22.72 0.00015585
22.725 0.00014562
22.73 0.00011714
22.735 6.911e-005
22.74 5.058e-005
22.745 7.4828e-005
22.75 0.00011633
22.755 0.00015193
22.76 0.00017735
22.765 0.0002027
22.77 0.00022691
22.775 0.00024268
22.78 0.0002572
22.785 0.00028011
22.79 0.00030588
22.795 0.00032789
22.8 0.00034201
22.805 0.00032868
22.81 0.00028628
22.815 0.00028111
22.82 0.00031757
22.825 0.00034604
22.83 0.00034813
22.835 0.00033975
22.84 0.0003392
22.845 0.00034753
22.85 0.00035576
22.855 0.00035421
22.86 0.00033909
22.865 0.00031855
22.87 0.00029495
22.875 0.00026282
22.88 0.00022323
22.885 0.00020186
22.89 0.00020116
22.895 0.00020861
22.9 0.00021355
22.905 0.0002141
22.91 0.00022497
22.915 0.00024362
22.92 0.00025155
22.925 0.00024541
22.93 0.00023679
22.935 0.00024846
22.94 0.00026727
22.945 0.00025526
22.95 0.00023892
22.955 0.00025375
22.96 0.00027249
22.965 0.00026889
22.97 0.00024137
22.975 0.00022468
22.98 0.00023872
22.985 0.00025557
22.99 0.00025663
22.995 0.00025012
23 0.00024016
23.005 0.00022349
23.01 0.00018439
23.015 0.00013622
23.02 0.00010935
23.025 0.00010608
23.03 0.00010981
23.035 0.00011805
23.04 0.0001442
23.045 0.00021968
23.05 0.00028181
23.055 0.00026786
23.06 0.00018215
23.065 8.9658e-005
23.07 6.98e-005
23.075 9.0485e-005
23.08 8.7199e-005
23.085 5.2178e-005
23.09 1.9541e-005
23.095 1.811e-005
23.1 2.4901e-005
23.105 1.127e-005
23.11 -1.3742e-006
23.115 3.6992e-006
23.12 1.4801e-005
23.125 2.902e-006
23.13 -3.7171e-005
23.135 -7.8207e-005
23.14 -0.0001092
23.145 -0.00015059
23.15 -0.00019636
23.155 -0.00023051
23.16 -0.00026917
23.165 -0.00032881
23.17 -0.00041155
23.175 -0.00046187
23.18 -0.0004482
23.185 -0.00041372
23.19 -0.00040355
23.195 -0.00043566
23.2 -0.0005041
23.205 -0.00058808
23.21 -0.0006452
23.215 -0.0006725
23.22 -0.00069993
23.225 -0.00073279
23.23 -0.00075938
23.235 -0.00078566
23.24 -0.0008172
23.245 -0.00084871
23.25 -0.00086707
23.255 -0.00087615
23.26 -0.00093964
23.265 -0.0010393
23.27 -0.0010559
23.275 -0.0010129
23.28 -0.00099983
23.285 -0.0010096
23.29 -0.0010069
23.295 -0.00099604
23.3 -0.00098624
23.305 -0.00097442
23.31 -0.00095116
23.315 -0.00092782
23.32 -0.0009369
23.325 -0.00095314
23.33 -0.00093032
23.335 -0.00087858
23.34 -0.00083746
23.345 -0.00083407
23.35 -0.00084775
23.355 -0.00085165
23.36 -0.00085813
23.365 -0.00087506
23.37 -0.00088227
23.375 -0.00085955
23.38 -0.00080248
23.385 -0.00075771
23.39 -0.0007421
23.395 -0.00068507
23.4 -0.00059651
23.405 -0.00054206
23.41 -0.00049591
23.415 -0.00042483
23.42 -0.00036365
23.425 -0.00031377
23.43 -0.00024079
23.435 -0.00015809
23.44 -8.6768e-005
23.445 1.1777e-005
23.45 0.00010339
23.455 0.0001143
23.46 0.00010426
23.465 0.00014568
23.47 0.0002224
23.475 0.00030203
23.48 0.00040644
23.485 0.00049121
23.49 0.00051695
23.495 0.00054938
23.5 0.00062193
23.505 0.00068658
23.51 0.00072968
23.515 0.0007742
23.52 0.00082788
23.525 0.00088438
23.53 0.00094272
23.535 0.0010031
23.54 0.0010695
23.545 0.0011675
23.55 0.0012849
23.555 0.0013159
23.56 0.001271
23.565 0.0012357
23.57 0.0012253
23.575 0.0012173
23.58 0.0012178
23.585 0.001221
23.59 0.0012089
23.595 0.0012038
23.6 0.0012246
23.605 0.0012625
23.61 0.0013025
23.615 0.0013427
23.62 0.001369
23.625 0.0013733
23.63 0.0013655
23.635 0.0013603
23.64 0.0013627
23.645 0.0013543
23.65 0.0013247
23.655 0.0012733
23.66 0.0012111
23.665 0.0011416
23.67 0.0010489
23.675 0.00093521
23.68 0.00088257
23.685 0.00091056
23.69 0.00096842
23.695 0.00099144
23.7 0.00095254
23.705 0.0008906
23.71 0.00084599
23.715 0.00082198
23.72 0.00079758
23.725 0.00076095
23.73 0.000714
23.735 0.00067049
23.74 0.00067248
23.745 0.00069601
23.75 0.00068662
23.755 0.00065613
23.76 0.00063375
23.765 0.00060911
23.77 0.00057922
23.775 0.00055926
23.78 0.00054638
23.785 0.00053111
23.79 0.00050537
23.795 0.00047775
23.8 0.00045986
23.805 0.00045644
23.81 0.00045884
23.815 0.00043064
23.82 0.00037451
23.825 0.00031762
23.83 0.00027025
23.835 0.00022816
23.84 0.00017429
23.845 0.00010478
23.85 1.5332e-005
23.855 -7.934e-005
23.86 -0.00016553
23.865 -0.00025501
23.87 -0.00035038
23.875 -0.00043028
23.88 -0.00049907
23.885 -0.0005722
23.89 -0.00064143
23.895 -0.00069442
23.9 -0.00072515
23.905 -0.00074563
23.91 -0.00076741
23.915 -0.00075965
23.92 -0.00071732
23.925 -0.00066864
23.93 -0.00064565
23.935 -0.00065009
23.94 -0.00065506
23.945 -0.00064944
23.95 -0.00064846
23.955 -0.00065848
23.96 -0.00067214
23.965 -0.00068376
23.97 -0.00069841
23.975 -0.00073315
23.98 -0.00078732
23.985 -0.00084956
23.99 -0.00089936
23.995 -0.00092918
24 -0.00094422
24.005 -0.00095638
24.01 -0.00097087
24.015 -0.00096593
24.02 -0.00094164
24.025 -0.00093327
24.03 -0.00094317
24.035 -0.00094205
24.04 -0.00088957
24.045 -0.00078587
24.05 -0.00070313
24.055 -0.00067658
24.06 -0.00070883
24.065 -0.00073849
24.07 -0.00072106
24.075 -0.00068512
24.08 -0.0006607
24.085 -0.00063836
24.09 -0.00060964
24.095 -0.00058396
24.1 -0.00058889
24.105 -0.0006195
24.11 -0.00062995
24.115 -0.0006033
24.12 -0.00055239
24.125 -0.00050632
24.13 -0.00048113
24.135 -0.00050062
24.14 -0.00053476
24.145 -0.00052608
24.15 -0.00049153
24.155 -0.00046952
24.16 -0.00044783
24.165 -0.00042146
24.17 -0.00043201
24.175 -0.00046102
24.18 -0.00048342
24.185 -0.00041654
24.19 -0.00031686
24.195 -0.00024108
24.2 -0.00021212
24.205 -0.00021913
24.21 -0.00019867
24.215 -0.00012982
24.22 -0.00013025
24.225 -0.00020844
24.23 -0.00026841
24.235 -0.00027316
24.24 -0.00025273
24.245 -0.00025275
24.25 -0.00027633
24.255 -0.00029938
24.26 -0.00030742
24.265 -0.00030337
24.27 -0.00028117
24.275 -0.00025144
24.28 -0.00027165
24.285 -0.00032319
24.29 -0.00034557
24.295 -0.00034402
24.3 -0.00035006
24.305 -0.00037021
24.31 -0.00039565
24.315 -0.00042769
24.32 -0.00044342
24.325 -0.00042939
24.33 -0.00040318
24.335 -0.0003893
24.34 -0.00040385
24.345 -0.00042223
24.35 -0.00041521
24.355 -0.00039758
24.36 -0.00038845
24.365 -0.00037143
24.37 -0.00034435
24.375 -0.00032228
24.38 -0.00029517
24.385 -0.00025318
24.39 -0.00021331
24.395 -0.00018417
24.4 -0.00015631
24.405 -0.00012889
24.41 -0.00010642
24.415 -9.5409e-005
24.42 -8.6419e-005
24.425 -5.6199e-005
24.43 -1.5535e-005
24.435 1.0063e-005
24.44 1.7867e-005
24.445 2.1263e-005
24.45 2.5873e-005
24.455 2.8362e-005
24.46 2.5272e-005
24.465 1.0999e-005
24.47 -1.3653e-005
24.475 -4.729e-005
24.48 -7.8425e-005
24.485 -9.1555e-005
24.49 -9.3815e-005
24.495 -0.00010158
24.5 -0.00013104
24.505 -0.00017757
24.51 -0.00022497
24.515 -0.00025499
24.52 -0.00025947
24.525 -0.0002734
24.53 -0.00031027
24.535 -0.00032605
24.54 -0.00030044
24.545 -0.00025323
24.55 -0.00024768
24.555 -0.00031052
24.56 -0.00041508
24.565 -0.00049695
24.57 -0.00048958
24.575 -0.00044412
24.58 -0.00043018
24.585 -0.00043939
24.59 -0.00043999
24.595 -0.00043239
24.6 -0.00041262
24.605 -0.00037174
24.61 -0.00033283
24.615 -0.00030806
24.62 -0.00024277
24.625 -0.00014623
24.63 -7.2082e-005
24.635 -3.95e-005
24.64 -2.9019e-005
24.645 -1.4692e-005
24.65 1.2116e-005
24.655 4.7453e-005
24.66 6.7128e-005
24.665 5.0974e-005
24.67 2.6704e-005
24.675 2.3987e-005
24.68 8.1784e-005
24.685 0.00017319
24.69 0.00024821
24.695 0.0002923
24.7 0.00031913
24.705 0.00033975
24.71 0.0003482
24.715 0.00031795
24.72 0.00029867
24.725 0.00033624
24.73 0.00037405
24.735 0.00037703
24.74 0.0003765
24.745 0.00039276
24.75 0.00041218
24.755 0.00041594
24.76 0.00040357
24.765 0.00040489
24.77 0.0004212
24.775 0.00042773
24.78 0.00042058
24.785 0.000413
24.79 0.0004158
24.795 0.00043606
24.8 0.00048887
24.805 0.00054458
24.81 0.00056324
24.815 0.00055667
24.82 0.00055637
24.825 0.00059371
24.83 0.00065603
24.835 0.00072264
24.84 0.00075937
24.845 0.00075562
24.85 0.00073907
24.855 0.00072812
24.86 0.00071322
24.865 0.00069292
24.87 0.00067748
24.875 0.00065524
24.88 0.00061979
24.885 0.00057087
24.89 0.00052421
24.895 0.00049538
24.9 0.00048018
24.905 0.0004666
24.91 0.00044005
24.915 0.00040186
24.92 0.00035771
24.925 0.00032434
24.93 0.00031073
24.935 0.00031258
24.94 0.00031944
24.945 0.00032473
24.95 0.00033501
24.955 0.00035659
24.96 0.00037326
24.965 0.00037349
24.97 0.00038476
24.975 0.00041134
24.98 0.00043256
24.985 0.00045457
24.99 0.00049024
24.995 0.00052323
25 0.00053922
25.005 0.00053549
25.01 0.00052564
25.015 0.00051885
25.02 0.00050418
25.025 0.00047859
25.03 0.00045989
25.035 0.00045267
25.04 0.00045006
25.045 0.00045384
25.05 0.0004622
25.055 0.00042444
25.06 0.00034624
25.065 0.00026968
25.07 0.00023663
25.075 0.00024821
25.08 0.00024649
25.085 0.00021711
25.09 0.00020358
25.095 0.00020821
25.1 0.00019771
25.105 0.00017512
25.11 0.00015878
25.115 0.00016313
25.12 0.00017513
25.125 0.00017592
25.13 0.00016553
25.135 0.00015362
25.14 0.00014634
25.145 0.00014326
25.15 0.00014293
25.155 0.00013783
25.16 0.00012143
25.165 7.5419e-005
25.17 2.2952e-005
25.175 3.2235e-005
25.18 7.8356e-005
25.185 0.00010186
25.19 0.00010664
25.195 0.00011167
25.2 0.00010644
25.205 0.00010036
25.21 0.000115
25.215 0.0001362
25.22 0.00014314
25.225 0.00010667
25.23 5.4478e-005
25.235 3.3366e-005
25.24 5.1193e-005
25.245 8.523e-005
25.25 9.6353e-005
25.255 8.2558e-005
25.26 6.1616e-005
25.265 5.189e-005
25.27 5.5816e-005
25.275 5.7687e-005
25.28 5.1189e-005
25.285 4.4094e-005
25.29 3.6455e-005
25.295 2.1174e-005
25.3 5.0491e-006
25.305 -4.9531e-006
25.31 -9.0685e-006
25.315 -1.5334e-005
25.32 -3.0104e-005
25.325 -4.6274e-005
25.33 -5.6438e-005
25.335 -5.9244e-005
25.34 -6.0331e-005
25.345 -6.4122e-005
25.35 -6.7404e-005
25.355 -6.879e-005
25.36 -8.5768e-005
25.365 -0.00011645
25.37 -0.00013541
25.375 -0.00014554
25.38 -0.00016483
25.385 -0.00018246
25.39 -0.00019014
25.395 -0.00020171
25.4 -0.00021667
25.405 -0.00022336
25.41 -0.00021778
25.415 -0.00020805
25.42 -0.00020179
25.425 -0.00020571
25.43 -0.00022147
25.435 -0.00022591
25.44 -0.0002076
25.445 -0.00019947
25.45 -0.00021263
25.455 -0.00023204
25.46 -0.00024638
25.465 -0.00025488
25.47 -0.00025154
25.475 -0.00024167
25.48 -0.000242
25.485 -0.00024753
25.49 -0.00024403
25.495 -0.00024184
25.5 -0.00024991
25.505 -0.00026516
25.51 -0.00027993
25.515 -0.00028939
25.52 -0.00028473
25.525 -0.00027145
25.53 -0.00027753
25.535 -0.00028971
25.54 -0.00027445
25.545 -0.00023486
25.55 -0.00019492
25.555 -0.00018827
25.56 -0.0002091
25.565 -0.00023974
25.57 -0.00025588
25.575 -0.00024881
25.58 -0.00023693
25.585 -0.00023114
25.59 -0.00022472
25.595 -0.00021747
25.6 -0.00021704
25.605 -0.00021173
25.61 -0.00019742
25.615 -0.00018587
25.62 -0.00017529
25.625 -0.00015513
25.63 -0.00013763
25.635 -0.00013084
25.64 -0.00012209
25.645 -0.00010871
25.65 -9.8687e-005
25.655 -8.999e-005
25.66 -7.8846e-005
25.665 -7.992e-005
25.67 -9.5042e-005
25.675 -0.00011597
25.68 -0.00011749
25.685 -8.9579e-005
25.69 -5.2862e-005
25.695 -3.1026e-005
25.7 -4.1319e-005
25.705 -6.0544e-005
25.71 -6.4105e-005
25.715 -6.0405e-005
25.72 -6.1467e-005
25.725 -6.2908e-005
25.73 -6.3244e-005
25.735 -6.604e-005
25.74 -6.5677e-005
25.745 -5.9993e-005
25.75 -5.722e-005
25.755 -5.6689e-005
25.76 -5.1351e-005
25.765 -4.1974e-005
25.77 -3.3311e-005
25.775 -2.7299e-005
25.78 -2.2879e-005
25.785 -1.9286e-005
25.79 -1.5969e-005
25.795 -1.295e-005
25.8 -1.4425e-005
25.805 -1.9157e-005
25.81 -2.0046e-005
25.815 -1.6078e-005
25.82 -1.1567e-005
25.825 -1.1651e-005
25.83 -1.6238e-005
25.835 -2.2693e-005
25.84 -2.7825e-005
25.845 -3.0322e-005
25.85 -3.3039e-005
25.855 -3.6963e-005
25.86 -3.7185e-005
25.865 -3.4983e-005
25.87 -3.5601e-005
25.875 -3.681e-005
25.88 -3.4988e-005
25.885 -2.874e-005
25.89 -2.1284e-005
25.895 -1.5399e-005
25.9 -1.0775e-005
25.905 -6.3973e-006
25.91 -4.3475e-006
25.915 -4.1102e-006
25.92 -3.464e-006
25.925 -2.7624e-006
25.93 -3.1006e-006
25.935 -5.1509e-006
25.94 -7.3649e-006
25.945 -6.6152e-006
25.95 -2.3635e-006
25.955 4.1447e-006
25.96 9.2897e-006
25.965 1.1626e-005
25.97 1.163e-005
25.975 1.3004e-005
25.98 1.863e-005
25.985 2.1884e-005
25.99 1.879e-005
25.995 1.6635e-005
26 1.8407e-005
26.005 2.0233e-005
26.01 2.0831e-005
26.015 2.1432e-005
26.02 2.4139e-005
26.025 2.779e-005
26.03 3.0326e-005
26.035 3.3447e-005
26.04 3.9143e-005
26.045 4.7738e-005
26.05 5.469e-005
26.055 5.0743e-005
26.06 3.7793e-005
26.065 2.2699e-005
26.07 1.4482e-005
26.075 1.3434e-005
26.08 1.2873e-005
26.085 9.1475e-006
26.09 3.479e-006
26.095 1.0475e-006
26.1 2.105e-006
26.105 -4.235e-007
26.11 -6.0774e-006
26.115 -9.4566e-006
26.12 -1.1674e-005
26.125 -1.4883e-005
26.13 -1.6824e-005
26.135 -1.7343e-005
26.14 -1.8315e-005
26.145 -1.8732e-005
26.15 -1.7593e-005
26.155 -1.7848e-005
26.16 -1.9524e-005
26.165 -2.0388e-005
26.17 -2.2339e-005
26.175 -2.6328e-005
26.18 -2.4588e-005
26.185 -1.7004e-005
26.19 -9.6271e-006
26.195 -4.3729e-006
26.2 -2.0292e-007
26.205 1.7001e-006
26.21 2.318e-006
26.215 4.3991e-006
26.22 7.4654e-006
26.225 1.01e-005
26.23 1.2105e-005
26.235 1.3983e-005
26.24 1.5514e-005
26.245 1.6558e-005
26.25 1.6951e-005
26.255 1.6478e-005
26.26 1.5993e-005
26.265 1.7317e-005
26.27 1.9047e-005
26.275 1.909e-005
26.28 1.8883e-005
26.285 1.9947e-005
26.29 2.2496e-005
26.295 2.4843e-005
26.3 2.5566e-005
26.305 2.6814e-005
26.31 2.9847e-005
26.315 3.1832e-005
26.32 3.2058e-005
26.325 3.2416e-005
26.33 3.3612e-005
26.335 3.5025e-005
26.34 3.5169e-005
26.345 3.4531e-005
26.35 3.4632e-005
26.355 3.505e-005
26.36 3.4772e-005
26.365 3.4243e-005
26.37 3.3851e-005
26.375 3.3237e-005
26.38 3.2263e-005
26.385 3.121e-005
26.39 3.0511e-005
26.395 3.0124e-005
26.4 2.9664e-005
26.405 2.8897e-005
26.41 2.7792e-005
26.415 2.6727e-005
26.42 2.5837e-005
26.425 2.5012e-005
26.43 2.3881e-005
26.435 2.2257e-005
26.44 2.0567e-005
26.445 1.9165e-005
26.45 1.777e-005
26.455 1.6293e-005
26.46 1.4924e-005
26.465 1.3521e-005
26.47 1.1919e-005
26.475 1.0276e-005
26.48 8.7221e-006
26.485 7.2139e-006
26.49 5.8326e-006
26.495 4.6543e-006
26.5 3.2968e-006
26.505 1.7959e-006
26.51 5.7754e-007
26.515 -2.2683e-007
26.52 -8.2937e-007
26.525 -1.3896e-006
26.53 -1.9576e-006
26.535 -2.5248e-006
26.54 -2.9015e-006
26.545 -2.9357e-006
26.55 -2.9036e-006
26.555 -3.0552e-006
26.56 -3.4313e-006
26.565 -3.7825e-006
26.57 -3.9331e-006
26.575 -3.9512e-006
26.58 -3.9505e-006
26.585 -3.9245e-006
26.59 -3.9008e-006
26.595 -3.9155e-006
26.6 -3.92e-006
26.605 -3.8642e-006
26.61 -3.7511e-006
26.615 -3.6283e-006
26.62 -3.5319e-006
26.625 -3.4459e-006
26.63 -3.354e-006
26.635 -3.2457e-006
26.64 -3.1302e-006
26.645 -3.0139e-006
26.65 -2.9124e-006
26.655 -2.8222e-006
26.66 -2.7243e-006
26.665 -2.6394e-006
26.67 -2.5949e-006
26.675 -2.5377e-006
26.68 -2.4458e-006
26.685 -2.3404e-006
26.69 -2.2492e-006
26.695 -2.1759e-006
26.7 -2.1081e-006
26.705 -2.0373e-006
26.71 -1.9712e-006
26.715 -1.9062e-006
26.72 -1.8357e-006
26.725 -1.7619e-006
26.73 -1.6893e-006
26.735 -1.6156e-006
26.74 -1.5399e-006
26.745 -1.462e-006
26.75 -1.3854e-006
26.755 -1.31e-006
26.76 -1.232e-006
26.765 -1.1515e-006
26.77 -1.0711e-006
26.775 -9.904e-007
26.78 -9.088e-007
26.785 -8.2598e-007
26.79 -7.4204e-007
26.795 -6.5647e-007
26.8 -5.6936e-007
26.805 -4.8078e-007
26.81 -3.9115e-007
26.815 -3.0038e-007
26.82 -2.085e-007
26.825 -1.1552e-007
26.83 -2.1583e-008
26.835 7.3258e-008
26.84 1.6889e-007
26.845 2.6523e-007
26.85 3.6217e-007
